City,State,Date,Linke,Gruene,SPD,FDP,CDU,AfD,Others
Aachen,NW,1999,1.7241379310344829,10.344827586206897,32.758620689655174,5.172413793103448,50.0,0.0,0.0
Aachen,NW,2004,1.7241379310344829,17.24137931034483,32.758620689655174,5.172413793103448,37.93103448275862,0.0,5.172413793103448
Aachen,NW,2009,4.054054054054054,18.91891891891892,27.027027027027028,8.108108108108109,37.83783783783784,0.0,4.0540540540540455
Aachen,NW,2014,36.84210526315789,26.31578947368421,17.105263157894736,3.947368421052632,6.578947368421052,2.631578947368421,6.578947368421055
Aachen,NW,2020,5.172413793103448,34.48275862068966,18.96551724137931,5.172413793103448,24.13793103448276,3.4482758620689653,8.62068965517241
Aalen,BW,1999,0.0,9.523809523809524,33.33333333333333,0.0,50.0,0.0,7.14285714285714
Aalen,BW,2004,0.0,12.5,25.0,0.0,45.83333333333333,0.0,16.66666666666667
Aalen,BW,2009,0.0,16.666666666666664,24.074074074074076,0.0,38.88888888888889,0.0,20.37037037037037
Aalen,BW,2014,0.0,15.68627450980392,21.568627450980397,0.0,37.25490196078432,0.0,25.49019607843137
Aalen,BW,2019,4.081632653061225,26.53061224489796,18.367346938775512,0.0,28.57142857142857,6.122448979591836,16.3265306122449
Aalen,BW,2024,1.9230769230769231,19.230769230769237,17.307692307692307,0.0,26.923076923076923,13.461538461538462,21.15384615384615
Achern,BW,1999,0.0,0.0,19.230769230769237,0.0,38.46153846153847,0.0,42.3076923076923
Achern,BW,2004,0.0,0.0,7.6923076923076925,0.0,30.76923076923077,0.0,61.53846153846154
Achern,BW,2009,0.0,0.0,3.8461538461538463,0.0,34.61538461538461,0.0,61.53846153846154
Achern,BW,2014,0.0,0.0,7.6923076923076925,3.8461538461538463,34.61538461538461,0.0,53.84615384615385
Achern,BW,2019,0.0,11.538461538461538,7.6923076923076925,3.8461538461538463,30.76923076923077,0.0,46.15384615384614
Achern,BW,2024,0.0,7.6923076923076925,7.6923076923076925,3.8461538461538463,30.76923076923077,3.8461538461538463,46.15384615384615
Achim,NI,2001,0.0,11.3,40.1,6.9,30.3,0.0,11.4
Achim,NI,2006,0.0,10.6,39.4,5.6,34.2,0.0,10.2
Achim,NI,2011,2.0,18.3,37.9,2.7,33.0,0.0,8.0
Achim,NI,2016,3.7,13.7,33.6,7.4,32.0,0.0,13.3
Achim,NI,2021,2.1,18.1,29.0,8.1,30.5,5.0,14.2
Ahaus,NW,1999,0.0,2.380952380952381,19.047619047619047,0.0,59.523809523809526,0.0,19.047619047619047
Ahaus,NW,2004,0.0,4.761904761904762,16.666666666666664,4.761904761904762,54.761904761904766,0.0,19.047619047619047
Ahaus,NW,2009,2.380952380952381,4.761904761904762,16.666666666666664,7.142857142857142,50.0,0.0,19.047619047619047
Ahaus,NW,2014,47.61904761904761,21.428571428571427,4.761904761904762,4.761904761904762,0.0,0.0,21.428571428571445
Ahaus,NW,2020,0.0,11.904761904761903,11.904761904761903,4.761904761904762,47.61904761904761,0.0,23.809523809523814
Ahlen,NW,1999,0.0,4.0,42.0,2.0,52.0,0.0,0.0
Ahlen,NW,2004,0.0,9.090909090909092,36.36363636363637,4.545454545454546,50.0,0.0,0.0
Ahlen,NW,2009,4.545454545454546,6.8181818181818175,31.818181818181817,6.8181818181818175,38.63636363636363,0.0,11.363636363636363
Ahlen,NW,2014,36.36363636363637,34.090909090909086,6.8181818181818175,4.545454545454546,4.545454545454546,0.0,13.63636363636364
Ahlen,NW,2020,2.272727272727273,9.090909090909092,29.545454545454547,4.545454545454546,40.909090909090914,0.0,13.636363636363624
Aichach,BY,1990,0.0,4.166666666666666,25.0,0.0,54.16666666666666,0.0,16.66666666666667
Aichach,BY,1996,0.0,4.166666666666666,25.0,0.0,45.83333333333333,0.0,25.0
Aichach,BY,2002,0.0,3.333333333333333,33.33333333333333,3.333333333333333,40.0,0.0,19.99999999999999
Aichach,BY,2008,0.0,3.333333333333333,30.0,3.333333333333333,40.0,0.0,23.33333333333334
Aichach,BY,2014,0.0,6.666666666666667,30.0,3.333333333333333,36.66666666666666,0.0,23.33333333333334
Aichach,BY,2020,0.0,13.333333333333334,20.0,3.333333333333333,36.66666666666666,0.0,26.66666666666666
Albstadt,BW,1999,0.0,5.0,20.0,5.0,42.5,0.0,27.500000000000004
Albstadt,BW,2004,0.0,6.25,18.75,6.25,40.625,0.0,28.125
Albstadt,BW,2009,0.0,6.25,18.75,12.5,34.375,0.0,28.125
Albstadt,BW,2014,0.0,9.375,18.75,9.375,34.375,0.0,28.125
Albstadt,BW,2019,0.0,15.625,12.5,9.375,28.125,0.0,34.375
Albstadt,BW,2024,0.0,9.375,12.5,6.25,34.375,0.0,37.5
Alfter,NW,1999,0.0,9.375,21.875,6.25,50.0,0.0,12.5
Alfter,NW,2004,0.0,15.789473684210526,21.052631578947366,7.894736842105263,42.10526315789473,0.0,13.157894736842112
Alfter,NW,2009,2.272727272727273,18.181818181818183,15.909090909090908,11.363636363636363,34.090909090909086,0.0,18.181818181818187
Alfter,NW,2014,40.0,17.5,20.0,7.5,0.0,0.0,15.0
Alfter,NW,2020,0.0,25.0,12.5,5.0,40.0,0.0,17.500000000000004
Alsdorf,NW,1999,0.0,4.545454545454546,43.18181818181818,0.0,43.18181818181818,0.0,9.090909090909085
Alsdorf,NW,2004,0.0,7.894736842105263,34.21052631578947,5.263157894736842,36.84210526315789,0.0,15.789473684210533
Alsdorf,NW,2009,5.263157894736842,7.894736842105263,42.10526315789473,5.263157894736842,28.947368421052637,0.0,10.526315789473696
Alsdorf,NW,2014,23.684210526315788,52.63157894736842,7.894736842105263,2.631578947368421,2.631578947368421,2.631578947368421,7.89473684210526
Alsdorf,NW,2020,0.0,10.526315789473683,50.0,2.631578947368421,26.31578947368421,10.526315789473683,1.1102230246251564e-14
Altenburg,TH,1994,19.444444444444446,8.333333333333332,27.77777777777778,0.0,44.44444444444444,0.0,0.0
Altenburg,TH,1999,25.0,0.0,27.77777777777778,0.0,38.88888888888889,0.0,8.333333333333332
Altenburg,TH,2004,33.33333333333333,0.0,27.77777777777778,0.0,38.88888888888889,0.0,0.0
Altenburg,TH,2009,25.0,2.7777777777777777,30.55555555555556,11.11111111111111,30.55555555555556,0.0,0.0
Altenburg,TH,2014,22.22222222222222,8.333333333333332,25.0,2.7777777777777777,25.0,0.0,16.66666666666667
Altenburg,TH,2019,13.88888888888889,2.7777777777777777,11.11111111111111,2.7777777777777777,30.55555555555556,0.0,38.88888888888889
Altenburg,TH,2024,11.11111111111111,0.0,8.333333333333332,2.7777777777777777,27.77777777777778,25.0,25.0
Altona,HH,2001,0.0,15.3846154,35.897435900000005,0.0,30.769230800000003,0.0,17.9487179
Altona,HH,2004,0.0,18.421052600000003,31.5789474,0.0,50.0,0.0,0.0
Altona,HH,2008,9.8039216,17.6470588,43.1372549,5.8823529,23.5294118,0.0,0.0
Altona,HH,2011,9.8039216,17.6470588,43.1372549,5.8823529,23.5294118,0.0,0.0
Altona,HH,2014,13.7254902,23.5294118,31.372549,3.9215686,23.5294118,3.9215686,0.0
Altona,HH,2019,15.6862745,35.2941176,21.5686275,5.8823529,17.6470588,3.9215686,0.0
Altona,HH,2024,14.5833333,29.1666667,22.9166667,4.1666667,16.6666667,6.25,6.25
Amberg,BY,1990,0.0,5.0,37.5,0.0,47.5,0.0,10.0
Amberg,BY,1996,0.0,5.0,35.0,0.0,50.0,0.0,10.0
Amberg,BY,2002,0.0,2.5,35.0,0.0,52.5,0.0,9.99999999999999
Amberg,BY,2008,0.0,5.0,30.0,2.5,47.5,0.0,15.0
Amberg,BY,2014,0.0,7.5,27.500000000000004,2.5,47.5,0.0,14.999999999999991
Amberg,BY,2020,0.0,12.5,12.5,2.5,42.5,0.0,30.0
Andernach,RP,2009,2.7777777777777777,5.555555555555555,36.11111111111111,2.7777777777777777,38.88888888888889,0.0,13.888888888888886
Andernach,RP,2014,2.7777777777777777,8.333333333333332,33.33333333333333,2.7777777777777777,38.88888888888889,0.0,13.888888888888886
Ansbach,BY,1990,0.0,2.5,35.0,5.0,42.5,0.0,15.0
Ansbach,BY,1996,0.0,5.0,27.500000000000004,2.5,40.0,0.0,25.0
Ansbach,BY,2002,0.0,5.0,27.500000000000004,0.0,40.0,0.0,27.499999999999996
Ansbach,BY,2008,0.0,12.5,22.5,0.0,32.5,0.0,32.49999999999999
Ansbach,BY,2014,0.0,10.0,20.0,0.0,30.0,0.0,39.99999999999999
Ansbach,BY,2020,0.0,12.5,12.5,0.0,27.500000000000004,7.5,40.0
Apolda,TH,1994,20.0,0.0,23.33333333333333,13.333333333333334,43.333333333333336,0.0,0.0
Apolda,TH,1999,20.0,0.0,23.33333333333333,10.0,40.0,0.0,6.666666666666667
Apolda,TH,2004,23.33333333333333,0.0,13.333333333333334,10.0,46.66666666666666,0.0,6.666666666666667
Apolda,TH,2009,20.0,3.333333333333333,10.0,10.0,36.66666666666666,0.0,20.0
Apolda,TH,2014,20.0,3.333333333333333,10.0,6.666666666666667,36.66666666666666,0.0,23.333333333333343
Apolda,TH,2019,10.0,6.666666666666667,6.666666666666667,6.666666666666667,30.0,16.666666666666664,23.33333333333333
Apolda,TH,2024,6.666666666666667,3.333333333333333,0.0,6.666666666666667,30.0,26.666666666666668,26.666666666666668
Arnsberg,NW,1999,0.0,4.3478260869565215,39.130434782608695,4.3478260869565215,52.17391304347826,0.0,0.0
Arnsberg,NW,2004,0.0,6.521739130434782,32.608695652173914,6.521739130434782,54.34782608695652,0.0,0.0
Arnsberg,NW,2009,0.0,8.695652173913043,32.608695652173914,10.869565217391305,47.82608695652174,0.0,0.0
Arnsberg,NW,2014,45.83333333333333,29.166666666666668,8.333333333333332,6.25,4.166666666666666,4.166666666666666,2.0833333333333286
Arnsberg,NW,2020,1.9230769230769231,13.461538461538462,28.846153846153843,7.6923076923076925,38.46153846153847,3.8461538461538463,5.769230769230783
Arnstadt,TH,1994,16.666666666666664,0.0,20.0,0.0,23.33333333333333,0.0,40.0
Arnstadt,TH,1999,20.0,0.0,16.666666666666664,0.0,33.33333333333333,0.0,30.0
Arnstadt,TH,2004,30.0,0.0,13.333333333333334,6.666666666666667,23.33333333333333,0.0,26.666666666666668
Arnstadt,TH,2009,23.33333333333333,0.0,16.666666666666664,6.666666666666667,16.666666666666664,0.0,36.66666666666666
Arnstadt,TH,2014,23.33333333333333,0.0,16.666666666666664,3.333333333333333,16.666666666666664,0.0,40.0
Arnstadt,TH,2019,11.76470588235294,5.88235294117647,8.823529411764707,2.941176470588235,17.647058823529413,17.647058823529413,35.294117647058826
Arnstadt,TH,2024,10.0,3.333333333333333,6.666666666666667,3.333333333333333,16.666666666666664,23.33333333333333,36.66666666666666
Aschaffenburg,BY,1990,0.0,4.545454545454546,38.63636363636363,2.272727272727273,40.909090909090914,0.0,13.63636363636363
Aschaffenburg,BY,1996,0.0,9.090909090909092,34.090909090909086,2.272727272727273,40.909090909090914,0.0,13.63636363636364
Aschaffenburg,BY,2002,0.0,6.8181818181818175,38.63636363636363,2.272727272727273,43.18181818181818,0.0,9.09090909090909
Aschaffenburg,BY,2008,0.0,11.363636363636363,31.818181818181817,6.8181818181818175,38.63636363636363,0.0,11.36363636363636
Aschaffenburg,BY,2014,0.0,13.636363636363637,31.818181818181817,4.545454545454546,36.36363636363637,0.0,13.63636363636363
Aschaffenburg,BY,2020,0.0,20.454545454545457,27.27272727272727,4.545454545454546,31.818181818181817,4.545454545454546,11.36363636363637
Aschersleben,SA,1994,16.750403528315182,8.798053970491281,22.36115215859231,9.095869234091891,25.607565871734835,0.0,17.386955236774497
Aschersleben,SA,1999,20.22026431718061,3.696769456681351,23.755506607929515,0.0,32.988252569750365,0.0,19.33920704845815
Aschersleben,SA,2004,19.79056629770817,2.944013227391724,14.991043953520416,3.6099756579249527,27.10237450052817,0.0,31.56202636292656
Aschersleben,SA,2007,18.75421199576393,2.329835371136998,14.157119476268411,6.18561663617984,20.318667565225763,0.0,38.254548955425065
Aschersleben,SA,2014,17.814007084631474,3.700226196065042,12.859032905125687,2.5692458708548505,30.92911100678588,0.0,32.128376936537066
Aschersleben,SA,2019,11.708889087816669,6.824217467848298,6.463163548473727,6.412436964759944,16.4742040402232,14.659982693283204,37.45710619759496
Aschersleben,SA,2024,5.767264487246802,3.7554923038660295,7.17384696161605,3.907480586951115,18.00370298726062,28.145466604029075,33.24674606903031
Attendorn,NW,1999,0.0,2.631578947368421,42.10526315789473,0.0,50.0,0.0,5.263157894736848
Attendorn,NW,2004,0.0,2.631578947368421,44.73684210526316,2.631578947368421,44.73684210526316,0.0,5.263157894736836
Attendorn,NW,2009,0.0,5.263157894736842,36.84210526315789,7.894736842105263,42.10526315789473,0.0,7.8947368421052655
Attendorn,NW,2014,39.47368421052632,47.368421052631575,2.631578947368421,2.631578947368421,0.0,0.0,7.89473684210526
Attendorn,NW,2020,0.0,7.894736842105263,42.10526315789473,5.263157894736842,39.47368421052632,0.0,5.263157894736848
Augsburg,BY,1990,0.0,10.0,28.33333333333333,1.6666666666666667,45.0,0.0,15.0
Augsburg,BY,1996,0.0,10.0,31.666666666666664,1.6666666666666667,46.66666666666666,0.0,10.0
Augsburg,BY,2002,0.0,8.333333333333332,38.333333333333336,0.0,45.0,0.0,8.33333333333332
Augsburg,BY,2008,3.333333333333333,10.0,31.666666666666664,1.6666666666666667,41.66666666666667,0.0,11.66666666666667
Augsburg,BY,2014,3.333333333333333,11.666666666666666,21.666666666666668,1.6666666666666667,38.333333333333336,6.666666666666667,16.66666666666666
Augsburg,BY,2020,3.333333333333333,23.33333333333333,15.0,1.6666666666666667,33.33333333333333,6.666666666666667,16.66666666666667
Aurich,NI,2001,1.7,0.0,42.3,3.3,33.2,0.0,21.2
Aurich,NI,2006,3.8,6.2,37.6,2.5,32.3,0.0,21.4
Aurich,NI,2011,3.4,13.9,34.8,0.9,27.1,0.0,23.4
Aurich,NI,2016,4.9,8.0,32.5,2.3,26.8,0.0,30.4
Aurich,NI,2021,4.9,12.5,33.6,6.5,23.7,0.0,23.8
Backnang,BW,1999,0.0,7.6923076923076925,26.923076923076923,0.0,46.15384615384615,0.0,19.23076923076923
Backnang,BW,2004,0.0,7.6923076923076925,23.07692307692308,0.0,42.30769230769231,0.0,26.92307692307691
Backnang,BW,2009,0.0,11.538461538461538,23.07692307692308,0.0,38.46153846153847,0.0,26.92307692307691
Backnang,BW,2014,0.0,15.384615384615383,23.07692307692308,0.0,34.61538461538461,0.0,26.92307692307691
Backnang,BW,2019,0.0,19.230769230769237,19.230769230769237,0.0,26.923076923076923,7.6923076923076925,26.92307692307691
Backnang,BW,2024,0.0,15.384615384615383,15.384615384615383,0.0,26.923076923076923,15.384615384615383,26.923076923076927
Bad Harzburg,NI,2001,0.0,6.4,42.5,9.6,41.5,0.0,0.0
Bad Harzburg,NI,2006,0.0,8.5,38.4,6.9,35.0,0.0,11.3
Bad Harzburg,NI,2011,3.0,14.2,36.0,2.4,34.4,0.0,12.9
Bad Harzburg,NI,2016,3.2,11.2,31.9,3.2,31.8,12.5,22.0
Bad Harzburg,NI,2021,0.0,14.4,37.8,4.0,32.9,5.6,11.0
Bad Hersfeld,HE,2021,2.564102564102564,12.82051282051282,33.33333333333333,10.256410256410255,23.07692307692308,0.0,17.948717948717956
Bad Homburg vor der Höhe,HE,2021,2.0408163265306123,18.367346938775512,14.285714285714285,10.20408163265306,42.85714285714285,2.0408163265306123,10.204081632653056
Bad Honnef,NW,1999,0.0,0.0,23.684210526315788,7.894736842105263,44.73684210526316,0.0,23.684210526315795
Bad Honnef,NW,2004,0.0,0.0,22.727272727272727,9.090909090909092,34.090909090909086,0.0,34.09090909090909
Bad Honnef,NW,2009,0.0,10.0,20.0,12.0,32.0,0.0,26.0
Bad Honnef,NW,2014,35.714285714285715,23.809523809523807,14.285714285714285,7.142857142857142,0.0,0.0,19.047619047619065
Bad Honnef,NW,2020,0.0,28.125,18.75,6.25,31.25,0.0,15.625
Bad Kissingen,BY,1990,0.0,0.0,30.0,3.333333333333333,43.333333333333336,0.0,23.33333333333334
Bad Kissingen,BY,1996,0.0,0.0,30.0,0.0,46.66666666666666,0.0,23.33333333333334
Bad Kissingen,BY,2002,0.0,0.0,26.666666666666668,0.0,50.0,0.0,23.33333333333334
Bad Kissingen,BY,2008,0.0,0.0,30.0,3.333333333333333,36.66666666666666,0.0,30.0
Bad Kissingen,BY,2014,0.0,0.0,30.0,3.333333333333333,33.33333333333333,0.0,33.33333333333333
Bad Kissingen,BY,2020,3.333333333333333,0.0,20.0,0.0,30.0,6.666666666666667,40.0
Bad Kreuznach,RP,2009,3.389830508474576,6.779661016949152,27.11864406779661,8.47457627118644,32.20338983050847,0.0,22.033898305084747
Bad Kreuznach,RP,2014,4.0,8.0,34.0,4.0,38.0,6.0,6.0
Bad Krozingen (Kreis Breisgau-Hochschwarzwald),BW,1999,0.0,0.0,15.384615384615383,0.0,57.692307692307686,0.0,26.923076923076927
Bad Krozingen (Kreis Breisgau-Hochschwarzwald),BW,2004,0.0,0.0,18.51851851851852,0.0,51.85185185185185,0.0,29.629629629629623
Bad Krozingen (Kreis Breisgau-Hochschwarzwald),BW,2009,0.0,0.0,15.384615384615383,0.0,46.15384615384615,0.0,38.46153846153846
Bad Krozingen (Kreis Breisgau-Hochschwarzwald),BW,2014,0.0,14.814814814814811,14.814814814814811,0.0,37.03703703703704,0.0,33.33333333333333
Bad Krozingen (Kreis Breisgau-Hochschwarzwald),BW,2019,0.0,21.73913043478261,13.043478260869565,0.0,34.78260869565217,0.0,30.43478260869565
Bad Krozingen (Kreis Breisgau-Hochschwarzwald),BW,2024,0.0,26.08695652173913,13.043478260869565,0.0,39.130434782608695,0.0,21.73913043478261
Bad Mergentheim,BW,1999,0.0,6.896551724137931,13.79310344827586,0.0,55.172413793103445,0.0,24.13793103448276
Bad Mergentheim,BW,2004,0.0,12.12121212121212,12.12121212121212,0.0,45.45454545454545,0.0,30.303030303030297
Bad Mergentheim,BW,2009,0.0,14.285714285714285,10.714285714285714,3.571428571428571,46.42857142857143,0.0,25.0
Bad Mergentheim,BW,2014,0.0,16.129032258064516,12.903225806451612,0.0,48.38709677419355,0.0,22.58064516129032
Bad Mergentheim,BW,2019,0.0,21.21212121212121,12.12121212121212,6.0606060606060606,42.42424242424242,0.0,18.181818181818173
Bad Mergentheim,BW,2024,0.0,13.157894736842104,7.894736842105263,5.263157894736842,36.84210526315789,0.0,36.8421052631579
Bad Nauheim,HE,2021,0.0,19.51219512195122,12.195121951219512,12.195121951219512,24.390243902439025,0.0,31.707317073170728
Bad Neuenahr-Ahrweiler,RP,2009,0.0,11.11111111111111,16.666666666666664,8.333333333333332,47.22222222222222,0.0,16.66666666666667
Bad Neuenahr-Ahrweiler,RP,2014,2.7777777777777777,11.11111111111111,19.444444444444446,2.7777777777777777,47.22222222222222,0.0,16.666666666666657
Bad Oeynhausen,NW,1999,0.0,9.090909090909092,36.36363636363637,4.545454545454546,50.0,0.0,0.0
Bad Oeynhausen,NW,2004,0.0,15.909090909090908,36.36363636363637,6.8181818181818175,40.909090909090914,0.0,0.0
Bad Oeynhausen,NW,2009,4.545454545454546,9.090909090909092,29.545454545454547,6.8181818181818175,34.090909090909086,0.0,15.909090909090915
Bad Oeynhausen,NW,2014,36.36363636363637,31.818181818181817,11.363636363636363,2.272727272727273,4.545454545454546,0.0,13.63636363636364
Bad Oeynhausen,NW,2020,3.7037037037037033,18.51851851851852,24.074074074074076,5.555555555555555,35.18518518518518,5.555555555555555,7.4074074074074066
Bad Rappenau,BW,1999,0.0,0.0,37.03703703703704,0.0,51.85185185185185,0.0,11.11111111111111
Bad Rappenau,BW,2004,0.0,0.0,33.33333333333333,2.7777777777777777,52.77777777777778,0.0,11.11111111111111
Bad Rappenau,BW,2009,0.0,0.0,25.64102564102564,0.0,43.58974358974359,0.0,30.76923076923077
Bad Rappenau,BW,2014,0.0,0.0,23.52941176470588,0.0,41.17647058823529,0.0,35.29411764705883
Bad Rappenau,BW,2019,0.0,17.142857142857142,17.142857142857142,0.0,31.428571428571427,0.0,34.28571428571428
Bad Rappenau,BW,2024,0.0,10.81081081081081,16.216216216216218,0.0,29.72972972972973,0.0,43.24324324324324
Bad Salzuflen,NW,1999,0.0,4.166666666666666,33.33333333333333,6.25,52.083333333333336,0.0,4.166666666666663
Bad Salzuflen,NW,2004,2.083333333333333,8.333333333333332,37.5,6.25,37.5,0.0,8.333333333333337
Bad Salzuflen,NW,2009,4.166666666666666,8.333333333333332,33.33333333333333,10.416666666666668,35.41666666666667,0.0,8.333333333333325
Bad Salzuflen,NW,2014,35.41666666666667,33.33333333333333,8.333333333333332,6.25,4.166666666666666,0.0,12.5
Bad Salzuflen,NW,2020,1.6129032258064515,19.35483870967742,25.806451612903224,6.451612903225806,33.87096774193548,4.838709677419355,8.064516129032274
Bad Salzungen,TH,1994,26.666666666666668,6.666666666666667,23.33333333333333,0.0,33.33333333333333,0.0,10.0
Bad Salzungen,TH,1999,33.33333333333333,0.0,29.166666666666668,0.0,37.5,0.0,0.0
Bad Salzungen,TH,2004,33.33333333333333,0.0,8.333333333333332,4.166666666666666,29.166666666666668,0.0,25.0
Bad Salzungen,TH,2009,25.0,4.166666666666666,8.333333333333332,4.166666666666666,20.833333333333336,0.0,37.5
Bad Salzungen,TH,2014,20.833333333333336,4.166666666666666,4.166666666666666,4.166666666666666,25.0,0.0,41.66666666666667
Bad Salzungen,TH,2019,13.333333333333334,3.333333333333333,3.333333333333333,3.333333333333333,16.666666666666664,13.333333333333334,46.66666666666666
Bad Salzungen,TH,2024,3.333333333333333,0.0,3.333333333333333,3.333333333333333,23.33333333333333,23.33333333333333,43.333333333333336
Bad Soden am Taunus,HE,2021,0.0,21.62162162162162,13.513513513513514,10.81081081081081,37.83783783783784,0.0,16.21621621621621
Bad Vilbel,HE,2021,0.0,28.88888888888889,17.77777777777778,6.666666666666667,40.0,4.444444444444445,2.2222222222222285
Bad Waldsee,BW,1999,0.0,0.0,10.714285714285,0.0,53.57142857142857,0.0,35.71428571428572
Bad Waldsee,BW,2004,0.0,0.0,9.375,0.0,50.0,0.0,40.625
Bad Waldsee,BW,2009,0.0,0.0,10.0,0.0,46.66666666666666,0.0,43.33333333333333
Bad Waldsee,BW,2014,0.0,0.0,10.714285714285714,0.0,42.85714285714285,0.0,46.42857142857143
Bad Waldsee,BW,2019,0.0,19.230769230769237,7.6923076923076925,0.0,38.46153846153847,0.0,34.6153846153846
Bad Waldsee,BW,2024,0.0,11.538461538461538,7.6923076923076925,0.0,42.30769230769231,0.0,38.46153846153846
Bad Zwischenahn,NI,2001,0.0,4.9,37.5,9.5,40.9,0.0,7.3
Bad Zwischenahn,NI,2006,0.0,5.9,35.0,8.3,41.8,0.0,9.0
Bad Zwischenahn,NI,2011,0.0,15.8,32.8,4.8,37.1,0.0,9.4
Bad Zwischenahn,NI,2016,3.8,11.2,29.5,6.7,35.2,0.0,17.4
Bad Zwischenahn,NI,2021,3.6,14.5,31.4,6.5,34.8,2.3,12.8
Baden-Baden,BW,1999,0.0,8.88888888888889,15.555555555555555,6.666666666666667,46.66666666666666,0.0,22.22222222222222
Baden-Baden,BW,2004,0.0,15.217391304347828,15.217391304347828,10.869565217391305,41.30434782608695,0.0,17.391304347826082
Baden-Baden,BW,2009,0.0,17.5,17.5,15.0,32.5,0.0,17.5
Baden-Baden,BW,2014,0.0,20.0,17.5,7.5,30.0,0.0,25.0
Baden-Baden,BW,2019,0.0,27.500000000000004,12.5,7.5,22.5,7.5,22.49999999999999
Baden-Baden,BW,2024,2.5,20.0,12.5,7.5,25.0,10.0,22.49999999999999
Baesweiler,NW,1999,0.0,5.263157894736842,23.684210526315788,0.0,71.05263157894737,0.0,0.0
Baesweiler,NW,2004,0.0,5.263157894736842,18.421052631578945,2.631578947368421,73.68421052631578,0.0,0.0
Baesweiler,NW,2009,0.0,7.894736842105263,15.789473684210526,5.263157894736842,68.42105263157895,0.0,2.631578947368418
Baesweiler,NW,2014,60.526315789473685,23.684210526315788,7.894736842105263,2.631578947368421,5.263157894736842,0.0,0.0
Baesweiler,NW,2020,2.631578947368421,10.526315789473683,21.052631578947366,2.631578947368421,63.1578947368421,0.0,1.1102230246251564e-14
Balingen,BW,1999,0.0,4.081632653061225,22.448979591836736,6.122448979591836,40.81632653061224,0.0,26.53061224489795
Balingen,BW,2004,0.0,0.0,22.916666666666664,8.333333333333332,35.41666666666667,0.0,33.33333333333332
Balingen,BW,2009,0.0,10.0,20.0,15.0,30.0,0.0,25.0
Balingen,BW,2014,0.0,15.625,21.875,15.625,28.125,0.0,18.75
Balingen,BW,2019,0.0,21.875,18.75,18.75,25.0,0.0,15.625
Balingen,BW,2024,0.0,12.5,18.75,18.75,25.0,9.375,15.625
Bamberg,BY,1990,0.0,0.0,29.545454545454547,0.0,45.45454545454545,0.0,25.0
Bamberg,BY,1996,0.0,0.0,20.454545454545457,0.0,43.18181818181818,0.0,36.36363636363636
Bamberg,BY,2002,0.0,0.0,20.454545454545457,2.272727272727273,43.18181818181818,0.0,34.09090909090908
Bamberg,BY,2008,0.0,0.0,22.727272727272727,2.272727272727273,34.090909090909086,0.0,40.909090909090914
Bamberg,BY,2014,0.0,0.0,22.727272727272727,2.272727272727273,27.27272727272727,0.0,47.72727272727273
Bamberg,BY,2020,0.0,0.0,15.909090909090908,2.272727272727273,22.727272727272727,4.545454545454546,54.54545454545454
Barsinghausen,NI,2001,0.0,8.3,44.9,4.0,39.0,0.0,4.0
Barsinghausen,NI,2006,0.0,11.2,39.2,11.0,38.0,0.0,0.6
Barsinghausen,NI,2011,1.1,17.3,40.6,4.0,32.9,0.0,5.2
Barsinghausen,NI,2016,0.0,12.4,31.7,4.8,29.5,10.8,21.7
Barsinghausen,NI,2021,0.0,18.5,35.0,5.4,28.7,5.7,12.4
Baunatal,HE,2021,0.0,20.0,51.11111111111111,6.666666666666667,22.22222222222222,0.0,0.0
Bautzen,SN,2019,11.1,6.6,6.2,8.6,24.4,23.2,19.90000000000001
Bayreuth,BY,1990,0.0,0.0,34.090909090909086,2.272727272727273,34.090909090909086,0.0,29.545454545454557
Bayreuth,BY,1996,0.0,0.0,27.27272727272727,2.272727272727273,29.545454545454547,0.0,40.909090909090914
Bayreuth,BY,2002,0.0,0.0,29.545454545454547,2.272727272727273,31.818181818181817,0.0,36.36363636363636
Bayreuth,BY,2008,0.0,0.0,22.727272727272727,4.545454545454546,29.545454545454547,0.0,43.18181818181819
Bayreuth,BY,2014,0.0,11.363636363636363,20.454545454545457,6.8181818181818175,29.545454545454547,0.0,31.818181818181813
Bayreuth,BY,2020,2.272727272727273,18.181818181818183,18.181818181818183,4.545454545454546,22.727272727272727,4.545454545454546,29.545454545454557
Beckum,NW,1999,0.0,7.142857142857142,30.952380952380956,4.761904761904762,45.23809523809524,0.0,11.904761904761909
Beckum,NW,2004,0.0,9.523809523809524,28.57142857142857,7.142857142857142,42.85714285714285,0.0,11.904761904761909
Beckum,NW,2009,0.0,10.526315789473683,31.57894736842105,7.894736842105263,39.47368421052632,0.0,10.526315789473683
Beckum,NW,2014,36.84210526315789,36.84210526315789,10.526315789473683,5.263157894736842,0.0,0.0,10.5263157894737
Beckum,NW,2020,0.0,18.421052631578945,31.57894736842105,5.263157894736842,36.84210526315789,0.0,7.8947368421052655
Bedburg,NW,1999,0.0,2.7777777777777777,33.33333333333333,2.7777777777777777,61.11111111111112,0.0,0.0
Bedburg,NW,2004,0.0,2.7777777777777777,30.55555555555556,5.555555555555555,50.0,0.0,11.111111111111104
Bedburg,NW,2009,0.0,2.7777777777777777,30.55555555555556,5.555555555555555,44.44444444444444,0.0,16.666666666666664
Bedburg,NW,2014,41.66666666666667,33.33333333333333,5.555555555555555,2.7777777777777777,0.0,0.0,16.66666666666667
Bedburg,NW,2020,0.0,8.333333333333332,41.66666666666667,2.7777777777777777,33.33333333333333,0.0,13.888888888888884
Bensheim,HE,2021,0.0,24.444444444444443,15.555555555555555,8.88888888888889,33.33333333333333,4.444444444444445,13.333333333333345
Bergedorf,HH,2001,0.0,7.3170732,39.0243902,0.0,34.1463415,0.0,19.5121951
Bergedorf,HH,2004,0.0,9.7560976,36.5853659,0.0,53.6585366,0.0,0.0
Bergedorf,HH,2008,6.122449,8.163265299999999,51.0204082,4.0816327,28.5714286,0.0,2.0408163
Bergedorf,HH,2011,6.122449,8.163265299999999,51.0204082,4.0816327,28.5714286,0.0,2.0408163
Bergedorf,HH,2014,8.8888889,13.3333333,42.2222222,0.0,31.1111111,4.4444444,0.0
Bergedorf,HH,2019,11.1111111,22.2222222,26.666666700000004,6.6666667,24.4444444,8.8888889,0.0
Bergedorf,HH,2024,8.8888889,15.555555600000002,26.666666700000004,4.4444444,28.8888889,15.555555600000002,0.0
Bergheim,NW,1999,0.0,4.0,44.0,0.0,48.0,0.0,4.000000000000004
Bergheim,NW,2004,0.0,6.521739130434782,30.434782608695656,4.3478260869565215,47.82608695652174,0.0,10.869565217391298
Bergheim,NW,2009,2.1739130434782608,6.521739130434782,30.434782608695656,6.521739130434782,43.47826086956522,0.0,10.869565217391308
Bergheim,NW,2014,50.0,30.434782608695656,6.521739130434782,4.3478260869565215,2.1739130434782608,0.0,6.521739130434781
Bergheim,NW,2020,2.1739130434782608,13.043478260869565,19.565217391304348,6.521739130434782,47.82608695652174,6.521739130434782,4.34782608695653
Bergisch Gladbach,NW,1999,0.0,9.615384615384617,26.923076923076923,5.769230769230769,53.84615384615385,0.0,3.846153846153855
Bergisch Gladbach,NW,2004,0.0,13.636363636363637,27.27272727272727,10.606060606060606,36.36363636363637,0.0,12.12121212121212
Bergisch Gladbach,NW,2009,3.225806451612903,12.903225806451612,25.806451612903224,9.67741935483871,40.32258064516129,0.0,8.064516129032262
Bergisch Gladbach,NW,2014,41.935483870967744,24.193548387096776,16.129032258064516,4.838709677419355,4.838709677419355,4.838709677419355,3.225806451612897
Bergisch Gladbach,NW,2020,0.0,28.57142857142857,17.857142857142858,5.357142857142857,35.714285714285715,5.357142857142857,7.14285714285714
Bergkamen,NW,1999,0.0,0.0,47.72727272727273,4.545454545454546,38.63636363636363,0.0,9.090909090909092
Bergkamen,NW,2004,0.0,0.0,52.27272727272727,2.272727272727273,31.818181818181817,0.0,13.636363636363647
Bergkamen,NW,2009,0.0,9.090909090909092,56.81818181818182,4.545454545454546,25.0,0.0,4.545454545454541
Bergkamen,NW,2014,25.0,59.09090909090909,9.090909090909092,2.272727272727273,0.0,0.0,4.545454545454547
Bergkamen,NW,2020,4.0,16.0,42.0,4.0,28.000000000000004,0.0,5.999999999999995
Berlin,BE,1990,9.54356846473029,9.54356846473029,31.535269709543567,7.468879668049793,41.90871369294606,0.0,0.0
Berlin,BE,1995,16.50485436893204,14.563106796116504,26.699029126213592,0.0,42.23300970873786,0.0,0.0
Berlin,BE,1999,19.526627218934912,10.650887573964498,24.85207100591716,0.0,44.97041420118343,0.0,0.0
Berlin,BE,2001,23.404255319148938,9.929078014184398,31.20567375886525,10.638297872340424,24.822695035460992,0.0,0.0
Berlin,BE,2006,15.436241610738255,15.436241610738255,35.57046979865772,8.724832214765101,24.832214765100677,0.0,0.0
Berlin,BE,2011,12.751677852348994,19.463087248322147,31.543624161073826,0.0,26.174496644295303,0.0,10.06711409395973
Berlin,BE,2016,16.875,16.875,23.75,7.5,19.375,15.625,0.0
Berlin,BE,2021,16.3265306122449,21.7687074829932,24.489795918367346,8.16326530612245,20.40816326530612,8.843537414965986,0.0
Bernau bei Berlin,BB,2003,34.375,3.125,12.5,0.0,18.75,0.0,31.25
Bernau bei Berlin,BB,2014,30.55555555555556,5.555555555555555,13.88888888888889,0.0,16.666666666666664,0.0,33.33333333333334
Bernau bei Berlin,BB,2019,19.444444444444446,8.333333333333332,11.11111111111111,2.7777777777777777,13.88888888888889,11.11111111111111,33.33333333333333
Bernau bei Berlin,BB,2024,13.88888888888889,5.555555555555555,8.333333333333332,2.7777777777777777,16.666666666666664,19.444444444444446,33.33333333333334
Bernburg (Saale),SA,1994,24.245676803816337,5.561518584774399,26.53349234744584,9.401709401709402,27.8910753329358,0.0,6.366527529318233
Bernburg (Saale),SA,1999,20.943334032543227,5.933295376224866,27.742650804590813,0.0,40.9876839171736,0.0,4.3930358694674965
Bernburg (Saale),SA,2004,27.07981496438799,4.677289081430355,19.66003377634188,11.021367207577647,35.00256993905573,0.0,2.5589250312064
Bernburg (Saale),SA,2007,22.135743268166728,3.386204352637403,24.56658059756548,9.933603836222796,35.47399483585393,0.0,4.503873109553666
Bernburg (Saale),SA,2014,27.59129835613742,5.72891032581947,14.59461233060997,7.251369885487417,41.74623486563638,0.0,3.087574236309351
Bernburg (Saale),SA,2019,17.567225401326784,8.482301109029219,11.720767711551122,15.164328758798806,30.01215374487264,17.05322327442143,1.4210854715202004e-14
Bernburg (Saale),SA,2024,16.346713205351946,3.474112856311809,8.030250145433392,10.117510180337405,26.84584060500291,28.3304246655032,6.855148342059337
Biberach an der Riß,BW,1999,0.0,6.666666666666667,20.0,6.666666666666667,50.0,0.0,16.66666666666667
Biberach an der Riß,BW,2004,0.0,12.5,21.875,6.25,40.625,0.0,18.75
Biberach an der Riß,BW,2009,0.0,13.79310344827586,20.689655172413797,10.344827586206897,37.93103448275862,0.0,17.24137931034483
Biberach an der Riß,BW,2014,0.0,15.625,18.75,9.375,34.375,0.0,21.875
Biberach an der Riß,BW,2019,3.125,28.125,15.625,9.375,28.125,0.0,15.625
Biberach an der Riß,BW,2024,0.0,25.0,12.5,9.375,31.25,0.0,21.875
Bielefeld,NW,1999,2.857142857142857,11.428571428571429,31.428571428571427,2.857142857142857,45.71428571428572,0.0,5.714285714285716
Bielefeld,NW,2004,3.333333333333333,15.0,31.666666666666664,3.333333333333333,36.66666666666666,0.0,10.000000000000009
Bielefeld,NW,2009,6.0606060606060606,16.666666666666664,30.303030303030305,6.0606060606060606,33.33333333333333,0.0,7.575757575757591
Bielefeld,NW,2014,30.303030303030305,30.303030303030305,16.666666666666664,3.0303030303030303,7.575757575757576,0.0,12.12121212121211
Bielefeld,NW,2020,6.0606060606060606,22.727272727272727,24.24242424242424,7.575757575757576,27.27272727272727,3.0303030303030303,9.090909090909092
Bietigheim-Bissingen,BW,1999,0.0,0.0,25.0,9.375,40.625,0.0,25.0
Bietigheim-Bissingen,BW,2004,0.0,0.0,25.0,6.25,37.5,0.0,31.25
Bietigheim-Bissingen,BW,2009,0.0,0.0,28.125,9.375,31.25,0.0,31.25
Bietigheim-Bissingen,BW,2014,0.0,0.0,25.0,6.25,31.25,0.0,37.5
Bietigheim-Bissingen,BW,2019,0.0,0.0,18.75,9.375,25.0,0.0,46.875
Bietigheim-Bissingen,BW,2024,0.0,0.0,18.75,6.25,28.125,9.375,37.5
Bingen am Rhein,RP,2009,0.0,11.11111111111111,27.77777777777778,11.11111111111111,44.44444444444444,0.0,5.555555555555557
Bingen am Rhein,RP,2014,0.0,11.11111111111111,33.33333333333333,5.555555555555555,44.44444444444444,0.0,5.555555555555557
Bitterfeld-Wolfen,SA,2007,17.011555319431533,1.835569132686944,14.626112365519989,5.591712046752557,26.874750962943285,0.0,34.06030017266569
Bitterfeld-Wolfen,SA,2014,25.60347502327025,2.4914675767918086,8.392801737511634,2.237046230220292,27.70710518150792,9.596649084703692,23.9714551659944
Bitterfeld-Wolfen,SA,2019,13.416329900491029,5.494720375439969,6.096554121583453,4.184591317950724,22.517707382783644,21.52044496588885,26.769651935862328
Bitterfeld-Wolfen,SA,2024,8.083649260119849,3.147038441156088,5.762096938567527,2.195181606946313,23.19310260486731,37.11426358485182,20.504667563491097
Blieskastel,SL,1999,0.0,5.6,41.0,1.2,47.0,0.0,5.199999999999989
Blieskastel,SL,2004,0.0,8.4,33.2,2.6,48.9,0.0,6.900000000000006
Blieskastel,SL,2009,8.9,8.3,30.6,4.6,42.6,0.0,5.0
Blieskastel,SL,2014,5.6,9.5,34.9,1.4,41.6,5.1,1.9000000000000057
Blieskastel,SL,2019,2.6,17.9,33.3,2.6,30.8,7.7,5.099999999999994
Blieskastel,SL,2024,2.7,10.2,28.2,0.0,35.9,15.4,7.599999999999994
Bocholt,NW,1999,0.0,6.0,30.0,2.0,56.00000000000001,0.0,5.999999999999995
Bocholt,NW,2004,0.0,6.8181818181818175,29.545454545454547,4.545454545454546,50.0,0.0,9.090909090909085
Bocholt,NW,2009,2.1739130434782608,8.695652173913043,30.434782608695656,6.521739130434782,45.65217391304348,0.0,6.521739130434789
Bocholt,NW,2014,45.65217391304348,28.26086956521739,8.695652173913043,2.1739130434782608,2.1739130434782608,2.1739130434782608,10.869565217391283
Bocholt,NW,2020,4.166666666666666,12.5,18.75,4.166666666666666,47.91666666666667,2.083333333333333,10.416666666666664
Bochum,NW,1999,0.0,10.606060606060606,40.909090909090914,3.0303030303030303,40.909090909090914,0.0,4.545454545454541
Bochum,NW,2004,3.947368421052632,11.842105263157894,40.78947368421053,3.947368421052632,32.89473684210527,0.0,6.578947368421051
Bochum,NW,2009,7.317073170731707,12.195121951219512,39.02439024390244,7.317073170731707,26.82926829268293,0.0,7.317073170731703
Bochum,NW,2014,26.190476190476197,38.095238095238095,13.095238095238097,2.380952380952381,5.952380952380952,3.571428571428571,10.714285714285708
Bochum,NW,2020,5.813953488372093,22.093023255813957,33.72093023255814,3.488372093023256,20.930232558139537,5.813953488372093,8.139534883720934
Bonn,NW,1999,1.5151515151515151,10.606060606060606,27.27272727272727,6.0606060606060606,51.51515151515152,0.0,3.030303030303028
Bonn,NW,2004,1.5151515151515151,16.666666666666664,28.78787878787879,9.090909090909092,37.87878787878788,0.0,6.060606060606055
Bonn,NW,2009,3.75,18.75,23.75,12.5,33.75,0.0,7.499999999999996
Bonn,NW,2014,31.3953488372093,23.25581395348837,18.6046511627907,8.13953488372093,5.813953488372093,3.488372093023256,9.302325581395351
Bonn,NW,2020,6.0606060606060606,28.78787878787879,16.666666666666664,4.545454545454546,25.75757575757576,3.0303030303030303,15.15151515151516
Borken,NW,1999,0.0,7.894736842105263,23.684210526315788,2.631578947368421,57.89473684210527,0.0,7.8947368421052655
Borken,NW,2004,0.0,7.894736842105263,21.052631578947366,5.263157894736842,52.63157894736842,0.0,13.157894736842104
Borken,NW,2009,0.0,7.894736842105263,26.31578947368421,10.526315789473683,42.10526315789473,0.0,13.157894736842112
Borken,NW,2014,52.63157894736842,21.052631578947366,10.526315789473683,2.631578947368421,0.0,0.0,13.15789473684211
Borken,NW,2020,0.0,13.157894736842104,15.789473684210526,5.263157894736842,52.63157894736842,2.631578947368421,10.526315789473683
Borna,SN,2019,23.4,0.0,15.3,0.0,15.5,22.7,23.099999999999994
Bornheim,NW,1999,0.0,9.090909090909092,25.0,2.272727272727273,52.27272727272727,0.0,11.363636363636363
Bornheim,NW,2004,0.0,11.363636363636363,27.27272727272727,4.545454545454546,45.45454545454545,0.0,11.363636363636363
Bornheim,NW,2009,2.272727272727273,13.636363636363637,25.0,9.090909090909092,40.909090909090914,0.0,9.090909090909085
Bornheim,NW,2014,41.66666666666667,25.0,10.416666666666668,6.25,4.166666666666666,0.0,12.499999999999986
Bornheim,NW,2020,2.0,22.0,20.0,6.0,36.0,0.0,14.000000000000002
Bottrop,NW,1999,0.0,5.172413793103448,39.6551724137931,1.7241379310344829,41.37931034482759,0.0,12.06896551724138
Bottrop,NW,2004,0.0,5.172413793103448,41.37931034482759,3.4482758620689653,36.206896551724135,0.0,13.793103448275868
Bottrop,NW,2009,3.7037037037037033,5.555555555555555,42.5925925925926,5.555555555555555,29.629629629629623,0.0,12.962962962962964
Bottrop,NW,2014,27.77777777777778,48.14814814814815,5.555555555555555,1.851851851851852,3.7037037037037033,1.851851851851852,11.111111111111114
Bottrop,NW,2020,3.4482758620689653,13.79310344827586,41.37931034482759,3.4482758620689653,24.13793103448276,6.896551724137931,6.896551724137923
Bramsche,NI,2001,0.0,6.2,49.1,3.5,37.7,0.0,3.6
Bramsche,NI,2006,0.0,8.1,49.5,4.6,37.8,0.0,0.0
Bramsche,NI,2011,2.7,15.2,45.0,2.1,31.6,0.0,6.2
Bramsche,NI,2016,4.6,13.6,44.1,6.9,29.3,0.0,6.1
Bramsche,NI,2021,3.2,15.3,45.1,6.5,27.5,2.4,5.5
Brandenburg an der Havel,BB,2003,15.217391304347828,4.3478260869565215,21.73913043478261,8.695652173913043,36.95652173913043,0.0,13.043478260869565
Brandenburg an der Havel,BB,2014,17.391304347826086,6.521739130434782,26.08695652173913,2.1739130434782608,36.95652173913043,6.521739130434782,4.34782608695653
Brandenburg an der Havel,BB,2019,13.043478260869565,13.043478260869565,17.391304347826086,4.3478260869565215,26.08695652173913,15.217391304347828,10.869565217391298
Brandenburg an der Havel,BB,2024,6.521739130434782,8.695652173913043,19.565217391304348,2.1739130434782608,23.91304347826087,23.91304347826087,15.217391304347828
Braunschweig,NI,2001,2.6,9.9,36.9,7.6,41.1,0.0,4.5
Braunschweig,NI,2006,4.4,9.8,29.2,5.1,44.5,0.0,11.4
Braunschweig,NI,2011,3.5,17.4,29.5,2.1,38.2,0.0,12.9
Braunschweig,NI,2016,4.6,12.0,33.0,4.5,26.2,8.9,24.4
Braunschweig,NI,2021,3.9,22.7,29.5,5.9,22.0,4.3,20.0
Bremen,HB,2003,0.018,0.135,0.433,0.039,0.294,0.0,0.08
Bremen,HB,2007,0.087,0.174,0.371,0.054,0.258,0.0,0.056
Bremen,HB,2011,0.058,0.226,0.393,0.023,0.204,0.0,0.096
Bremen,HB,2015,0.099,0.158,0.326,0.067,0.222,0.056,0.071
Bremen,HB,2019,0.118,0.176,0.249,0.06,0.272,0.057,0.069
Bremen,HB,2023,0.116,0.117,0.299,0.051,0.269,0.0,0.148
Bremerhaven,HB,2003,0.0,0.113,0.358,0.074,0.31,0.0,0.137
Bremerhaven,HB,2007,0.061,0.126,0.336,0.096,0.237,0.0,0.144
Bremerhaven,HB,2011,0.046,0.226,0.331,0.033,0.2,0.0,0.164
Bremerhaven,HB,2015,0.069,0.111,0.331,0.052,0.244,0.047,0.147
Bremerhaven,HB,2019,0.076,0.16,0.248,0.061,0.214,0.087,0.155
Bremerhaven,HB,2023,0.053,0.137,0.27,0.053,0.203,0.059,0.224
Bretten,BW,1999,0.0,7.6923076923076925,23.07692307692308,0.0,46.15384615384615,0.0,23.07692307692307
Bretten,BW,2004,0.0,11.538461538461538,19.230769230769237,0.0,38.46153846153847,0.0,30.76923076923077
Bretten,BW,2009,0.0,11.538461538461538,19.230769230769237,0.0,34.61538461538461,0.0,34.615384615384606
Bretten,BW,2014,0.0,11.538461538461538,15.384615384615383,0.0,30.76923076923077,0.0,42.3076923076923
Bretten,BW,2019,0.0,15.384615384615383,11.538461538461538,7.6923076923076925,26.923076923076923,3.8461538461538463,34.615384615384606
Bretten,BW,2024,0.0,15.384615384615383,11.538461538461538,0.0,23.07692307692308,11.538461538461538,38.46153846153846
Brilon,NW,1999,0.0,0.0,39.47368421052632,5.263157894736842,50.0,0.0,5.263157894736836
Brilon,NW,2004,0.0,0.0,42.10526315789473,5.263157894736842,44.73684210526316,0.0,7.8947368421052655
Brilon,NW,2009,0.0,0.0,39.47368421052632,7.894736842105263,44.73684210526316,0.0,7.8947368421052655
Brilon,NW,2014,50.0,36.84210526315789,0.0,5.263157894736842,2.631578947368421,0.0,5.26315789473685
Brilon,NW,2020,2.631578947368421,7.894736842105263,34.21052631578947,5.263157894736842,44.73684210526316,0.0,5.263157894736836
Bruchköbel,HE,2021,0.0,21.62162162162162,16.216216216216218,24.324324324324326,24.324324324324326,0.0,13.513513513513516
Bruchsal,BW,1999,0.0,0.0,19.444444444444446,2.7777777777777777,50.0,0.0,27.77777777777778
Bruchsal,BW,2004,0.0,0.0,20.51282051282051,7.6923076923076925,46.15384615384615,0.0,25.64102564102564
Bruchsal,BW,2009,0.0,0.0,20.0,11.428571428571429,40.0,0.0,28.57142857142857
Bruchsal,BW,2014,0.0,0.0,21.875,0.0,34.375,0.0,43.75
Bruchsal,BW,2019,0.0,0.0,15.625,0.0,25.0,0.0,59.375
Bruchsal,BW,2024,0.0,15.625,18.75,0.0,28.125,12.5,25.0
Brühl,NW,1999,0.0,6.8181818181818175,31.818181818181817,4.545454545454546,50.0,0.0,6.818181818181812
Brühl,NW,2004,0.0,10.416666666666668,25.0,4.166666666666666,47.91666666666667,0.0,12.5
Brühl,NW,2009,4.0,14.000000000000002,22.0,8.0,44.0,0.0,7.9999999999999964
Brühl,NW,2014,40.909090909090914,34.090909090909086,13.636363636363637,4.545454545454546,2.272727272727273,0.0,4.545454545454547
Brühl,NW,2020,2.272727272727273,25.0,29.545454545454547,4.545454545454546,31.818181818181817,4.545454545454546,2.272727272727293
