City,State,Date,Linke,Gruene,SPD,FDP,CDU,AfD
Bernau bei Berlin,BB,2024,15,6.3,8.9,1.3,15.5,19.7
Brandenburg an der Havel,BB,2024,7.2,8.9,18.7,2.8,23.6,23.8
Cottbus,BB,2024,7.1,4.9,19.6,2.0,16.0,29.3
Eberswalde,BB,2024,11.8,7.1,11.1,6,11.8,24.1
Eisenhüttenstadt,BB,2024,9.5,3.2,19.5,2.4,13.4,32.7
Falkensee,BB,2024,5.9,15.7,16.4,4,26,18.9
Frankfurt (Oder),BB,2024,15.8,6.1,12.7,3.8,22.9,28.7
Fürstenwalde/Spree,BB,2024,7.2,4.6,12,3.8,16.3,28.1
Hennigsdorf,BB,2024,6.8,7,24.1,4,17,22.9
Hohen Neuendorf,BB,2024,6.1,14.1,14.6,4.2,24.5,16.2
Königs Wusterhausen,BB,2024,6,4.8,21.3,1.5,19.2,22.2
Luckenwalde,BB,2024,13.3,2.9,21.7,3,18.7,
Ludwigsfelde,BB,2024,8.2,5.4,25,2.4,16.2,17.8
Neuruppin,BB,2024,8.4,10.4,15.8,1.3,18.4,20.9
Oranienburg,BB,2024,7.3,6,20.2,5.6,19.3,28.5
Potsdam,BB,2024,8.7,14.5,19.4,4.5,14.7,13.7
Rathenow,BB,2024,14.2,2.7,18.7,4.3,23.7,30.9
Schwedt/Oder,BB,2024,3.8,1.7,25,3.2,15,29.1
Senftenberg,BB,2024,7.8,1.9,18.8,2.5,15,29
Spremberg,BB,2024,6.9,,10.7,1.5,21.7,39.1
Strausberg,BB,2024,16.5,5,12.1,4.9,11.1,24
Teltow,BB,2024,5.7,12.3,27.3,8.5,17.3,15.6
Werder (Havel),BB,2024,6.1,8.4,15,2.7,32.3,17.9
Zossen,BB,2024,5.6,5.3,9.1,,15.8,22.9
Bernau bei Berlin,BB,2019,20.7,8.2,10.6,1.6,14.0,12.1
Brandenburg an der Havel,BB,2019,13.0,13.9,16.9,4.5,26.7,14.2
Cottbus,BB,2019,13.7,9.1,15.6,4.1,17.2,22.3
Eberswalde,BB,2019,13.3,10.6,14.5,7.2,12.2,13.3
Eisenhüttenstadt,BB,2019,17.7,5.8,25.3,,11.3,24.0
Falkensee,BB,2019,8.7,22.0,17.2,5.6,20.7,13.5
Frankfurt (Oder),BB,2019,22.7,12.0,10.3,5.1,19.9,18.8
Fürstenwalde/Spree,BB,2019,14.1,9.0,11.2,6.9,14.9,16.8
Hennigsdorf,BB,2019,12.2,12.4,27.4,5.0,14.6,16.2
Hohen Neuendorf,BB,2019,13.8,17.9,14.8,6.0,21.0,12.0
Königs Wusterhausen,BB,2019,11.9,8.4,18.8,3.7,14.9,13.2
Luckenwalde,BB,2019,22.0,8.1,28.0,2.9,16.6,15.0
Ludwigsfelde,BB,2019,17.5,8.8,25.4,,14.1,14.2
Neuruppin,BB,2019,15.9,13.1,18.1,2.3,18.6,10.9
Oranienburg,BB,2019,14.7,10.9,20.3,6.7,17.5,17.1
Potsdam,BB,2019,18.1,18.8,19.3,4.9,12.4,9.5
Rathenow,BB,2019,23.7,5.0,15.6,7.7,25.0,12.8
Schwedt/Oder,BB,2019,12.2,4.7,33.9,7.0,13.6,16.3
Senftenberg,BB,2019,13.3,4.4,23.9,2.3,16.3,18.2
Spremberg,BB,2019,11.8,2.4,10.7,1.9,25.0,26.6
Strausberg,BB,2019,25.4,6.7,12.6,4.9,10.7,13.2
Teltow,BB,2019,8.9,16.8,20.3,8.4,14.6,9.3
Werder (Havel),BB,2019,10.1,11.7,11.9,3.3,31.3,9.7
Zossen,BB,2019,11.4,9.7,7.7,2.6,13.9,14.8
Bernau bei Berlin,BB,2014,47.66602411460105,7.075632157841024,20.527648637411648,1.3909362361567827,23.339758853989494,
Brandenburg an der Havel,BB,2014,18.464062906160645,6.97783987522745,26.39556797504549,2.5864309851832594,39.43819859630881,6.137899662074344
Cottbus,BB,2014,24.328664887461326,7.355754469662974,24.25072624642781,3.574549491037056,32.15087031482488,8.339434590585956
Eberswalde,BB,2014,28.191743704175963,9.495537137392413,27.681702263308892,9.619062798852408,25.011954096270323,
Eisenhüttenstadt,BB,2014,28.912541798144396,3.0377242970847265,35.66618000282579,1.8132152781048367,18.876277492582304,11.694061131257948
Falkensee,BB,2014,13.284021760165137,16.89423097598211,24.7167093125766,5.065904057453716,29.442879566516865,10.596254327305568
Frankfurt (Oder),BB,2014,32.99962852897474,6.653046062407133,20.21359583952452,2.109955423476969,25.440193164933135,12.583580980683507
Fürstenwalde/Spree,BB,2014,27.70261158807929,7.717894547579449,21.679327549781995,11.36782487526408,23.140198678473503,8.392142760821685
Hennigsdorf,BB,2014,16.930249565773835,6.403693207788646,54.30112441722278,3.8166194350489078,18.54831337416583,
Hohen Neuendorf,BB,2014,21.752936225563335,12.52534526952064,26.818164428631547,4.250353877348024,34.65320019893646,
Königs Wusterhausen,BB,2014,29.390762439546886,,33.42205199779285,6.072900775747347,24.622675192313935,6.491609594598981
Luckenwalde,BB,2014,37.88987726607364,,35.818038509176894,4.560297263821641,21.731786960927824,
Ludwigsfelde,BB,2014,28.15675621289868,,49.98993862561626,4.54271053425898,17.310594627226077,
Neuruppin,BB,2014,29.31077258968888,10.623728477149804,29.975686002084057,5.3391554607254506,24.750657470351808,
Oranienburg,BB,2014,28.609508035506327,9.290649827903003,31.890996609818583,3.951761082787712,26.25708444398437,
Potsdam,BB,2014,30.390453605894212,14.366511533535387,28.152858972570606,3.0441178335468,18.611537339741556,5.434520714711439
Rathenow,BB,2014,34.365958962033204,2.7729558908621534,22.70886188632216,8.114122935861486,32.03810032492099,
Schwedt/Oder,BB,2014,19.247138547993885,3.9461179290111983,50.150820214040735,10.371472253212676,16.284451055741496,
Senftenberg,BB,2014,22.888698467104636,4.803389507759688,40.92640198038656,2.080357992954394,29.301152051794727,
Spremberg,BB,2014,27.42600679281902,1.5950994662785056,22.68316351285784,1.4495390587093644,46.84619116933527,
Strausberg,BB,2014,48.98757478140819,4.8826507132995856,23.5020708697653,5.287620800736309,17.340082834790614,
Teltow,BB,2014,15.77531113353515,13.13728316755562,38.37393686031426,7.990966315890635,24.72250252270434,
Werder (Havel),BB,2014,14.555934404935867,6.851761649618444,17.393245656762463,2.1797369702873843,54.09157330735509,4.927748011040753
Zossen,BB,2014,29.499002991026916,9.22233300099701,19.25473579262213,3.1031904287138583,28.165503489531407,10.755234297108673
Bernau bei Berlin,BB,2003,49.32443773078214,2.3497818059751596,18.87797918764686,1.4392413561597852,28.008559919436056,0
Brandenburg an der Havel,BB,2003,17.188226078413148,3.945883508809198,26.043893307133658,9.84081041968162,42.98118668596238,0
Cottbus,BB,2003,32.7391778828665,7.462217665928106,24.443599325374514,5.821951784119845,29.533053341711035,0
Eberswalde,BB,2003,26.559109349938677,8.132842721011416,30.669560021385667,9.516621064880335,25.121866842783913,0
Eisenhüttenstadt,BB,2003,44.48125544899739,,21.233653007846556,6.412380122057542,27.87271142109852,0
Falkensee,BB,2003,15.192762470439423,11.890227135236211,28.38640488368256,5.675631083979541,38.85497442666227,0
Frankfurt (Oder),BB,2003,39.85793527275629,3.5496228899796476,17.660321640927414,7.171076260026338,31.76104393631031,0
Fürstenwalde/Spree,BB,2003,28.619927364598137,7.606979314700774,23.397284067582504,15.1468498342018,25.228959418916787,0
Hennigsdorf,BB,2003,20.69292619026109,3.8079320625169397,42.42930707380974,5.29858162435631,27.77125304905592,0
Hohen Neuendorf,BB,2003,21.76590446004075,9.042336427439439,27.108897441702513,6.280280733529545,35.80258093728775,0
Königs Wusterhausen,BB,2003,35.771006463527236,,28.786703601108034,7.183748845798707,28.25854108956602,0
Luckenwalde,BB,2003,37.77624309392265,,32.47981300467488,5.338929026774331,24.405014874628133,0
Ludwigsfelde,BB,2003,27.821649860284293,1.925646944478192,44.1440894180537,3.705503584011663,22.403110193172154,0
Neuruppin,BB,2003,27.54430622928774,11.387541424523317,25.90653666970847,7.64612650689208,27.5154891695884,0
Oranienburg,BB,2003,31.790132315375562,5.1175339398983954,27.754656869779858,6.208202979248586,29.1294738956976,0
Potsdam,BB,2003,40.04335778569956,7.394487149149256,27.058922314756153,2.7113882888178136,22.791844461577217,0
Rathenow,BB,2003,38.16464496332166,2.406865800450688,17.87888958143549,13.026801553435297,28.522798101356862,0
Schwedt/Oder,BB,2003,25.19906644700714,4.156370126304228,34.551757276221856,11.291872597473915,24.80093355299286,0
Senftenberg,BB,2003,34.85257185378104,3.86475676681239,25.41624034973491,,35.86643102967166,0
Spremberg,BB,2003,22.179245763143165,1.4300982238281845,20.881469794900504,5.53208814697949,49.97709807114866,0
Strausberg,BB,2003,54.86377237650271,2.5618142684655365,16.75678513307785,2.1995905296865974,23.61803769226731,0
Teltow,BB,2003,27.955761255033963,5.319468654204484,29.8310993568552,14.275410230209772,22.61826050369658,0
Werder (Havel),BB,2003,20.077353807077298,5.484038561450095,,7.031114702996017,67.40749292847659,0
Zossen,BB,2003,14.928756476683938,2.795768566493955,44.332901554404145,1.716321243523316,36.226252158894646,0
