City,State,Date,Linke,Gruene,SPD,FDP,CDU,AfD,Others
Bernau bei Berlin,BB,2024,13.88888888888889,5.555555555555555,8.333333333333332,2.7777777777777777,16.666666666666664,19.444444444444446,33.33333333333334
Brandenburg an der Havel,BB,2024,6.521739130434782,8.695652173913043,19.565217391304348,2.1739130434782608,23.91304347826087,23.91304347826087,15.217391304347828
Cottbus,BB,2024,6.521739130434782,4.3478260869565215,19.565217391304348,2.1739130434782608,15.217391304347828,30.434782608695656,21.739130434782595
Eberswalde,BB,2024,11.11111111111111,8.333333333333332,11.11111111111111,5.555555555555555,11.11111111111111,25.0,27.777777777777786
Eisenhüttenstadt,BB,2024,12.0,4.0,20.0,4.0,16.0,24.0,20.0
Falkensee,BB,2024,5.555555555555555,16.666666666666664,16.666666666666664,2.7777777777777777,25.0,19.444444444444446,13.8888888888889
Frankfurt (Oder),BB,2024,15.217391304347828,6.521739130434782,13.043478260869565,4.3478260869565215,23.91304347826087,28.26086956521739,8.695652173913047
Fürstenwalde/Spree,BB,2024,6.25,6.25,12.5,3.125,15.625,28.125,28.125
Hennigsdorf,BB,2024,6.25,6.25,25.0,3.125,18.75,21.875,18.75
Hohen Neuendorf,BB,2024,6.666666666666667,13.333333333333334,16.666666666666664,3.333333333333333,26.666666666666668,16.666666666666664,16.666666666666657
Königs Wusterhausen,BB,2024,5.555555555555555,5.555555555555555,22.22222222222222,2.7777777777777777,19.444444444444446,22.22222222222222,22.22222222222223
Luckenwalde,BB,2024,14.285714285714285,3.571428571428571,21.428571428571427,3.571428571428571,17.857142857142858,0.0,39.28571428571429
Ludwigsfelde,BB,2024,6.666666666666667,6.666666666666667,26.666666666666668,3.333333333333333,16.666666666666664,16.666666666666664,23.333333333333343
Neuruppin,BB,2024,9.375,9.375,15.625,0.0,18.75,21.875,25.0
Oranienburg,BB,2024,7.5,7.5,20.0,5.0,20.0,27.500000000000004,12.5
Potsdam,BB,2024,8.928571428571429,14.285714285714285,19.642857142857142,3.571428571428571,14.285714285714285,14.285714285714285,25.0
Rathenow,BB,2024,14.285714285714285,3.571428571428571,17.857142857142858,3.571428571428571,25.0,32.142857142857146,3.5714285714285836
Schwedt/Oder,BB,2024,3.125,3.125,25.0,3.125,15.625,28.125,21.875
Senftenberg,BB,2024,7.142857142857142,0.0,17.857142857142858,3.571428571428571,14.285714285714285,28.57142857142857,28.571428571428584
Spremberg,BB,2024,7.142857142857142,0.0,10.714285714285714,3.571428571428571,21.428571428571427,39.285714285714285,17.85714285714286
Strausberg,BB,2024,15.625,6.25,12.5,6.25,9.375,25.0,25.0
Teltow,BB,2024,6.25,12.5,28.125,9.375,15.625,15.625,12.5
Werder (Havel),BB,2024,6.25,9.375,15.625,3.125,31.25,18.75,15.625
Zossen,BB,2024,7.142857142857142,7.142857142857142,10.714285714285714,0.0,14.285714285714285,21.428571428571427,39.28571428571429
Bernau bei Berlin,BB,2019,19.444444444444446,8.333333333333332,11.11111111111111,2.7777777777777777,13.88888888888889,11.11111111111111,33.33333333333333
Brandenburg an der Havel,BB,2019,13.043478260869565,13.043478260869565,17.391304347826086,4.3478260869565215,26.08695652173913,15.217391304347828,10.869565217391298
Cottbus,BB,2019,14.000000000000002,8.0,16.0,4.0,18.0,22.0,18.0
Eberswalde,BB,2019,13.88888888888889,11.11111111111111,13.88888888888889,8.333333333333332,11.11111111111111,13.88888888888889,27.777777777777786
Eisenhüttenstadt,BB,2019,18.75,6.25,25.0,0.0,9.375,25.0,15.625
Falkensee,BB,2019,8.333333333333332,22.22222222222222,16.666666666666664,5.555555555555555,22.22222222222222,13.88888888888889,11.111111111111114
Frankfurt (Oder),BB,2019,21.73913043478261,13.043478260869565,10.869565217391305,4.3478260869565215,19.565217391304348,19.565217391304348,10.869565217391312
Fürstenwalde/Spree,BB,2019,15.625,9.375,12.5,6.25,15.625,15.625,25.0
Hennigsdorf,BB,2019,12.5,12.5,28.125,6.25,15.625,15.625,9.375
Hohen Neuendorf,BB,2019,12.5,18.75,15.625,6.25,21.875,12.5,12.5
Königs Wusterhausen,BB,2019,11.11111111111111,8.333333333333332,19.444444444444446,2.7777777777777777,13.88888888888889,13.88888888888889,30.555555555555557
Luckenwalde,BB,2019,21.428571428571427,7.142857142857142,28.57142857142857,3.571428571428571,17.857142857142858,14.285714285714285,7.142857142857139
Ludwigsfelde,BB,2019,16.666666666666664,10.0,26.666666666666668,0.0,13.333333333333334,13.333333333333334,20.000000000000014
Neuruppin,BB,2019,15.625,12.5,18.75,3.125,18.75,12.5,18.75
Oranienburg,BB,2019,13.88888888888889,11.11111111111111,19.444444444444446,8.333333333333332,16.666666666666664,16.666666666666664,13.888888888888914
Potsdam,BB,2019,17.857142857142858,17.857142857142858,19.642857142857142,5.357142857142857,12.5,8.928571428571429,17.857142857142847
Rathenow,BB,2019,25.0,3.571428571428571,14.285714285714285,7.142857142857142,25.0,14.285714285714285,10.714285714285722
Schwedt/Oder,BB,2019,12.5,6.25,34.375,6.25,12.5,15.625,12.5
Senftenberg,BB,2019,14.285714285714285,3.571428571428571,25.0,3.571428571428571,14.285714285714285,17.857142857142858,21.42857142857143
Spremberg,BB,2019,10.714285714285714,3.571428571428571,10.714285714285714,3.571428571428571,25.0,25.0,21.42857142857143
Strausberg,BB,2019,25.0,6.25,12.5,6.25,12.5,12.5,25.0
Teltow,BB,2019,9.375,15.625,21.875,9.375,15.625,9.375,18.75
Werder (Havel),BB,2019,9.375,12.5,12.5,3.125,31.25,9.375,21.875
Zossen,BB,2019,10.714285714285714,10.714285714285714,7.142857142857142,3.571428571428571,14.285714285714285,14.285714285714285,39.28571428571429
Bernau bei Berlin,BB,2014,30.55555555555556,5.555555555555555,13.88888888888889,0.0,16.666666666666664,0.0,33.33333333333334
Brandenburg an der Havel,BB,2014,17.391304347826086,6.521739130434782,26.08695652173913,2.1739130434782608,36.95652173913043,6.521739130434782,4.34782608695653
Cottbus,BB,2014,21.73913043478261,6.521739130434782,21.73913043478261,2.1739130434782608,28.26086956521739,6.521739130434782,13.043478260869563
Eberswalde,BB,2014,22.22222222222222,8.333333333333332,19.444444444444446,8.333333333333332,19.444444444444446,0.0,22.22222222222223
Eisenhüttenstadt,BB,2014,25.0,3.125,28.125,0.0,15.625,9.375,18.75
Falkensee,BB,2014,13.88888888888889,16.666666666666664,22.22222222222222,5.555555555555555,27.77777777777778,11.11111111111111,2.7777777777777715
Frankfurt (Oder),BB,2014,30.434782608695656,6.521739130434782,19.565217391304348,2.1739130434782608,23.91304347826087,10.869565217391305,6.521739130434781
Fürstenwalde/Spree,BB,2014,21.875,6.25,18.75,9.375,18.75,6.25,18.75
Hennigsdorf,BB,2014,12.5,6.25,43.75,3.125,15.625,0.0,18.75
Hohen Neuendorf,BB,2014,17.857142857142858,10.714285714285714,21.428571428571427,3.571428571428571,28.57142857142857,0.0,17.85714285714286
Königs Wusterhausen,BB,2014,21.875,0.0,28.125,6.25,18.75,6.25,18.75
Luckenwalde,BB,2014,35.714285714285715,0.0,32.142857142857146,3.571428571428571,21.428571428571427,0.0,7.142857142857139
Ludwigsfelde,BB,2014,25.0,0.0,42.85714285714285,3.571428571428571,14.285714285714285,0.0,14.285714285714306
Neuruppin,BB,2014,21.875,9.375,21.875,3.125,18.75,0.0,25.0
Oranienburg,BB,2014,25.0,8.333333333333332,27.77777777777778,2.7777777777777777,25.0,0.0,11.111111111111114
Potsdam,BB,2014,25.0,12.5,23.214285714285715,1.7857142857142856,16.071428571428573,5.357142857142857,16.07142857142857
Rathenow,BB,2014,32.142857142857146,3.571428571428571,21.428571428571427,7.142857142857142,28.57142857142857,0.0,7.142857142857153
Schwedt/Oder,BB,2014,15.625,3.125,43.75,9.375,15.625,0.0,12.5
Senftenberg,BB,2014,18.75,3.125,31.25,0.0,21.875,0.0,25.0
Spremberg,BB,2014,17.857142857142858,0.0,14.285714285714285,0.0,32.142857142857146,0.0,35.71428571428572
Strausberg,BB,2014,40.625,3.125,18.75,3.125,15.625,0.0,18.75
Teltow,BB,2014,14.285714285714285,10.714285714285714,28.57142857142857,7.142857142857142,17.857142857142858,0.0,21.42857142857143
Werder (Havel),BB,2014,14.285714285714285,7.142857142857142,14.285714285714285,3.571428571428571,46.42857142857143,3.571428571428571,10.714285714285722
Zossen,BB,2014,14.285714285714285,3.571428571428571,7.142857142857142,0.0,14.285714285714285,3.571428571428571,57.14285714285715
Bernau bei Berlin,BB,2003,34.375,3.125,12.5,0.0,18.75,0.0,31.25
Brandenburg an der Havel,BB,2003,15.217391304347828,4.3478260869565215,21.73913043478261,8.695652173913043,36.95652173913043,0.0,13.043478260869563
Cottbus,BB,2003,26.0,6.0,20.0,4.0,24.0,0.0,20.0
Eberswalde,BB,2003,22.22222222222222,5.555555555555555,25.0,8.333333333333332,19.444444444444446,0.0,19.444444444444443
Eisenhüttenstadt,BB,2003,36.11111111111111,0.0,16.666666666666664,5.555555555555555,22.22222222222222,0.0,19.444444444444457
Falkensee,BB,2003,13.88888888888889,11.11111111111111,27.77777777777778,5.555555555555555,36.11111111111111,0.0,5.555555555555557
Frankfurt (Oder),BB,2003,34.78260869565217,2.1739130434782608,15.217391304347828,6.521739130434782,26.08695652173913,0.0,15.217391304347828
Fürstenwalde/Spree,BB,2003,28.125,6.25,21.875,12.5,25.0,0.0,6.25
Hennigsdorf,BB,2003,18.75,3.125,34.375,6.25,21.875,0.0,15.625
Hohen Neuendorf,BB,2003,21.428571428571427,7.142857142857142,25.0,7.142857142857142,32.142857142857146,0.0,7.142857142857139
Königs Wusterhausen,BB,2003,31.25,0.0,25.0,6.25,21.875,0.0,15.625
Luckenwalde,BB,2003,35.714285714285715,0.0,32.142857142857146,3.571428571428571,21.428571428571427,0.0,7.142857142857139
Ludwigsfelde,BB,2003,21.428571428571427,0.0,32.142857142857146,3.571428571428571,17.857142857142858,0.0,25.0
Neuruppin,BB,2003,21.875,9.375,18.75,6.25,21.875,0.0,21.875
Oranienburg,BB,2003,27.77777777777778,5.555555555555555,25.0,5.555555555555555,25.0,0.0,11.111111111111114
Potsdam,BB,2003,34.0,6.0,22.0,2.0,20.0,0.0,16.0
Rathenow,BB,2003,31.25,3.125,15.625,9.375,21.875,0.0,18.75
Schwedt/Oder,BB,2003,22.22222222222222,2.7777777777777777,30.55555555555556,8.333333333333332,22.22222222222222,0.0,13.888888888888886
Senftenberg,BB,2003,31.25,3.125,21.875,0.0,31.25,0.0,12.5
Spremberg,BB,2003,18.75,0.0,15.625,3.125,37.5,0.0,25.0
Strausberg,BB,2003,40.625,3.125,12.5,3.125,18.75,0.0,21.875
Teltow,BB,2003,25.0,3.571428571428571,25.0,10.714285714285714,21.428571428571427,0.0,14.285714285714292
Werder (Havel),BB,2003,14.285714285714285,3.571428571428571,0.0,3.571428571428571,50.0,0.0,28.571428571428584
Zossen,BB,2003,7.142857142857142,3.571428571428571,25.0,0.0,17.857142857142858,0.0,46.42857142857143
