City,State,Date,Linke,Gruene,SPD,FDP,CDU,AfD,Others
Biberach an der Riß,BW,1999,-,6.666666666666667,20.0,6.666666666666667,50.0,-,16.66666666666667
Bad Krozingen (Kreis Breisgau-Hochschwarzwald),BW,1999,-,-,15.384615384615385,-,57.692307692307686,-,26.923076923076927
Rottenburg am Neckar,BW,1999,-,-,18.181818181818183,-,54.54545454545454,-,27.27272727272727
Calw,BW,1999,-,6.896551724137931,20.689655172413794,6.896551724137931,27.586206896551722,-,37.93103448275862
Nagold,BW,1999,-,3.8461538461538463,19.230769230769234,7.6923076923076925,38.46153846153847,-,30.76923076923077
Emmendingen,BW,1999,-,10.81081081081081,29.72972972972973,8.108108108108109,35.13513513513514,-,16.2162162162162
Waldkirch,BW,1999,-,-,30.0,-,43.333333333333336,-,26.66666666666666
Mühlacker,BW,1999,-,-,25.71428571428571,2.857142857142857,42.857142857142854,-,28.57142857142858
Esslingen am Neckar,BW,1999,-,-,32.55813953488372,2.3255813953488373,34.883720930232556,-,30.23255813953488
Filderstadt,BW,1999,-,12.5,21.875,6.25,31.25,-,28.125
Kirchheim unter Teck,BW,1999,-,-,26.47058823529412,2.941176470588235,35.294117647058826,-,35.29411764705882
Leinfelden-Echterdingen,BW,1999,-,11.538461538461538,23.076923076923077,3.8461538461538463,30.76923076923077,-,30.76923076923077
Laupheim,BW,1999,-,-,21.428571428571427,-,42.857142857142854,-,35.71428571428572
Nürtingen,BW,1999,-,-,18.91891891891892,-,32.432432432432435,-,48.64864864864864
Ostfildern,BW,1999,-,11.538461538461538,23.076923076923077,-,34.61538461538461,-,30.76923076923077
Freiburg im Breisgau,BW,1999,-,20.833333333333336,22.916666666666664,4.166666666666666,33.33333333333333,-,18.75
Freudenstadt,BW,1999,-,-,17.24137931034483,-,37.93103448275862,-,44.827586206896555
Horb am Neckar,BW,1999,-,-,18.75,-,52.083333333333336,-,29.166666666666657
Eislingen/Fils,BW,1999,-,8.333333333333332,25.0,-,45.83333333333333,-,20.83333333333333
Geislingen an der Steige,BW,1999,-,-,26.923076923076923,-,42.30769230769231,-,30.76923076923077
Göppingen,BW,1999,-,2.5,27.500000000000004,-,40.0,-,29.99999999999999
Heidelberg,BW,1999,-,-,25.0,5.0,35.0,-,35.00000000000001
Giengen an der Brenz,BW,1999,-,-,38.46153846153847,-,-,-,61.53846153846154
Böblingen,BW,1999,-,7.317073170731707,21.951219512195124,4.878048780487805,41.46341463414634,-,24.39024390243902
Heidenheim an der Brenz,BW,1999,-,8.571428571428571,34.285714285714285,-,37.142857142857146,-,19.99999999999999
Heilbronn,BW,1999,-,5.0,30.0,10.0,42.5,-,12.5
Bad Rappenau,BW,1999,-,-,37.03703703703704,-,51.85185185185185,-,11.11111111111111
Eppingen,BW,1999,-,6.666666666666667,26.666666666666668,-,43.333333333333336,-,23.33333333333334
Neckarsulm,BW,1999,-,3.8461538461538463,38.46153846153847,-,50.0,-,7.69230769230768
Öhringen,BW,1999,-,3.125,18.75,15.625,46.875,-,15.625
Karlsruhe,BW,1999,-,-,25.0,-,45.83333333333333,-,29.166666666666668
Bretten,BW,1999,-,7.6923076923076925,23.076923076923077,-,46.15384615384615,-,23.07692307692307
Bruchsal,BW,1999,-,-,19.444444444444446,2.7777777777777777,50.0,-,27.77777777777778
Ettlingen,BW,1999,-,8.823529411764707,26.47058823529412,5.88235294117647,58.82352941176471,-,0.0
Herrenberg,BW,1999,-,10.0,22.5,-,35.0,-,32.49999999999999
Rheinstetten,BW,1999,-,6.666666666666667,36.666666666666664,3.3333333333333335,46.666666666666664,-,6.66666666666666
Stutensee,BW,1999,-,10.0,26.666666666666668,3.3333333333333335,36.666666666666664,-,23.33333333333334
Waghäusel,BW,1999,-,-,35.714285714285715,-,42.857142857142854,-,21.42857142857143
Konstanz,BW,1999,-,-,20.0,7.5,30.0,-,42.5
Radolfzell am Bodensee,BW,1999,-,11.538461538461538,19.230769230769234,7.6923076923076925,46.15384615384615,-,15.384615384615369
Singen (Hohentwiel),BW,1999,-,5.405405405405405,29.72972972972973,5.405405405405405,48.64864864864865,-,10.81081081081081
Lörrach,BW,1999,-,11.11111111111111,24.444444444444443,2.2222222222222223,40.0,-,22.22222222222223
Rheinfelden (Baden),BW,1999,-,5.555555555555555,27.77777777777778,-,38.88888888888889,-,27.777777777777768
Schopfheim (Kreis Lörrach),BW,1999,-,6.451612903225806,25.806451612903224,-,-,-,67.74193548387098
Weil am Rhein,BW,1999,-,3.7037037037037033,25.925925925925924,-,29.629629629629626,-,40.74074074074074
Leonberg,BW,1999,-,-,25.0,6.8181818181818175,36.36363636363637,-,31.818181818181813
Bietigheim-Bissingen,BW,1999,-,-,25.0,9.375,40.625,-,25.0
Ditzingen,BW,1999,-,-,24.242424242424242,-,39.39393939393939,-,36.36363636363636
Korntal-Münchingen (Kreis Ludwigsburg),BW,1999,-,13.636363636363635,18.181818181818183,4.545454545454546,40.909090909090914,-,22.72727272727273
Kornwestheim,BW,1999,-,7.6923076923076925,26.923076923076923,-,42.30769230769231,-,23.07692307692308
Ludwigsburg,BW,1999,-,10.0,20.0,5.0,35.0,-,30.0
Remseck am Neckar,BW,1999,-,3.8461538461538463,23.076923076923077,15.384615384615385,38.46153846153847,-,19.23076923076923
Vaihingen an der Enz,BW,1999,-,8.108108108108109,18.91891891891892,8.108108108108109,29.72972972972973,-,35.13513513513513
Bad Mergentheim,BW,1999,-,6.896551724137931,13.793103448275861,-,55.172413793103445,-,24.137931034482758
Wertheim,BW,1999,-,4.166666666666666,25.0,-,54.166666666666664,-,16.66666666666667
Mannheim,BW,1999,-,6.25,35.41666666666667,2.083333333333333,47.91666666666667,-,8.33333333333332
Sindelfingen,BW,1999,-,9.090909090909092,22.727272727272727,4.545454545454546,38.63636363636363,-,25.0
Mosbach,BW,1999,-,-,26.31578947368421,5.263157894736842,44.73684210526316,-,23.68421052631579
Achern,BW,1999,-,-,19.230769230769234,-,38.46153846153847,-,42.3076923076923
Kehl,BW,1999,-,7.6923076923076925,30.76923076923077,7.6923076923076925,34.61538461538461,-,19.23076923076923
Lahr/Schwarzwald,BW,1999,-,7.5,27.500000000000004,10.0,40.0,-,14.999999999999991
Oberkirch,BW,1999,-,-,-,-,59.375,-,40.625
Offenburg,BW,1999,-,8.771929824561402,29.82456140350877,7.017543859649122,47.368421052631575,-,7.01754385964912
Aalen,BW,1999,-,9.523809523809524,33.33333333333333,-,50.0,-,7.14285714285714
Ellwangen (Jagst),BW,1999,-,9.375,18.75,-,62.5,-,9.375
Schwäbisch Gmünd,BW,1999,-,9.25925925925926,25.925925925925924,-,53.70370370370371,-,11.1111111111111
Pforzheim,BW,1999,-,-,22.5,5.0,50.0,-,22.49999999999999
Friedrichshafen,BW,1999,-,7.5,22.5,-,40.0,-,30.0
Bühl,BW,1999,-,-,19.51219512195122,9.75609756097561,51.21951219512195,-,19.51219512195121
Gaggenau,BW,1999,-,2.857142857142857,34.285714285714285,5.714285714285714,48.57142857142857,-,8.57142857142856
Rastatt,BW,1999,-,-,33.33333333333333,4.444444444444445,44.44444444444444,-,17.777777777777782
Bad Waldsee,BW,1999,-,-,10.714285714285714,-,53.57142857142857,-,35.71428571428572
Leutkirch im Allgäu,BW,1999,-,-,5.88235294117647,-,52.94117647058824,-,41.17647058823529
Ravensburg,BW,1999,-,11.428571428571429,17.142857142857142,-,54.285714285714285,-,17.14285714285714
Wangen im Allgäu,BW,1999,-,-,16.666666666666664,-,41.66666666666667,-,41.66666666666666
Weingarten,BW,1999,-,-,15.384615384615385,-,34.61538461538461,-,50.0
Backnang,BW,1999,-,7.6923076923076925,26.923076923076923,-,46.15384615384615,-,19.23076923076923
Fellbach,BW,1999,-,7.5,25.0,-,42.5,-,25.0
Tettnang (Bodenseekreis),BW,1999,-,12.5,8.333333333333332,-,45.83333333333333,-,33.33333333333333
Schorndorf,BW,1999,-,10.0,25.0,-,35.0,-,30.0
Waiblingen,BW,1999,-,-,28.57142857142857,-,40.0,-,31.428571428571427
Weinstadt,BW,1999,-,-,19.230769230769234,-,42.30769230769231,-,38.46153846153846
Winnenden,BW,1999,-,-,19.230769230769234,-,34.61538461538461,-,46.15384615384615
Metzingen,BW,1999,-,12.5,16.666666666666664,-,33.33333333333333,-,37.5
Reutlingen,BW,1999,-,-,22.5,2.5,37.5,-,37.5
Hockenheim,BW,1999,-,9.090909090909092,18.181818181818183,9.090909090909092,36.36363636363637,-,27.27272727272727
Leimen,BW,1999,-,-,20.0,5.714285714285714,-,-,74.28571428571429
Schwetzingen,BW,1999,-,-,23.076923076923077,-,38.46153846153847,-,38.46153846153846
Sinsheim,BW,1999,-,-,21.951219512195124,-,43.90243902439025,-,34.14634146341463
Überlingen,BW,1999,-,-,11.538461538461538,3.8461538461538463,30.76923076923077,-,53.84615384615385
Weinheim,BW,1999,-,-,29.268292682926827,2.4390243902439024,36.58536585365854,-,31.70731707317074
Wiesloch,BW,1999,-,17.647058823529413,20.588235294117645,-,38.23529411764706,-,23.52941176470588
Rottweil,BW,1999,-,-,23.076923076923077,3.8461538461538463,38.46153846153847,-,34.6153846153846
Schramberg,BW,1999,-,-,12.195121951219512,-,46.34146341463415,-,41.463414634146325
Crailsheim,BW,1999,-,-,24.390243902439025,-,46.34146341463415,-,29.268292682926827
Schwäbisch Hall,BW,1999,-,5.714285714285714,28.57142857142857,11.428571428571429,31.428571428571427,-,22.857142857142858
Donaueschingen,BW,1999,-,8.333333333333332,16.666666666666664,-,41.66666666666667,-,33.33333333333332
Villingen-Schwenningen,BW,1999,-,7.5,22.5,5.0,42.5,-,22.500000000000007
Stuttgart,BW,1999,-,13.333333333333334,25.0,6.666666666666667,41.66666666666667,-,13.33333333333333
Mössingen,BW,1999,-,7.142857142857142,21.428571428571427,-,14.285714285714285,-,57.14285714285714
Tübingen,BW,1999,-,-,16.666666666666664,4.166666666666666,20.833333333333336,-,58.333333333333336
Tuttlingen,BW,1999,-,-,25.71428571428571,-,45.714285714285715,-,28.57142857142858
Ulm,BW,1999,-,10.0,27.500000000000004,2.5,32.5,-,27.499999999999993
Waldshut-Tiengen,BW,1999,-,6.25,25.0,6.25,53.125,-,9.375
Albstadt,BW,1999,-,5.0,20.0,5.0,42.5,-,27.500000000000004
Balingen,BW,1999,-,4.081632653061225,22.448979591836736,6.122448979591836,40.816326530612244,-,26.53061224489795
Baden-Baden,BW,1999,-,8.88888888888889,15.555555555555555,6.666666666666667,46.666666666666664,-,22.22222222222222
Biberach an der Riß,BW,2004,-,12.5,21.875,6.25,40.625,-,18.75
Bad Krozingen (Kreis Breisgau-Hochschwarzwald),BW,2004,-,-,18.51851851851852,-,51.85185185185185,-,29.629629629629626
Rottenburg am Neckar,BW,2004,-,10.0,20.0,7.5,42.5,-,19.99999999999999
Calw,BW,2004,-,7.4074074074074066,14.814814814814813,7.4074074074074066,25.925925925925924,-,44.44444444444444
Nagold,BW,2004,-,7.6923076923076925,19.230769230769234,7.6923076923076925,34.61538461538461,-,30.76923076923077
Emmendingen,BW,2004,-,19.230769230769234,26.923076923076923,7.6923076923076925,30.76923076923077,-,15.384615384615369
Waldkirch,BW,2004,-,-,28.57142857142857,-,42.857142857142854,-,28.57142857142858
Mühlacker,BW,2004,-,-,22.22222222222222,8.333333333333332,36.11111111111111,-,33.33333333333333
Esslingen am Neckar,BW,2004,-,12.5,27.500000000000004,2.5,32.5,-,25.0
Filderstadt,BW,2004,-,15.625,21.875,9.375,28.125,-,25.0
Kirchheim unter Teck,BW,2004,-,-,22.857142857142858,-,28.57142857142857,-,48.57142857142857
Leinfelden-Echterdingen,BW,2004,-,19.230769230769234,19.230769230769234,7.6923076923076925,26.923076923076923,-,26.92307692307691
Laupheim,BW,2004,-,-,16.666666666666664,-,40.0,-,43.33333333333333
Nürtingen,BW,2004,-,-,17.073170731707318,-,29.268292682926827,-,53.65853658536586
Ostfildern,BW,2004,-,15.384615384615385,19.230769230769234,-,30.76923076923077,-,34.615384615384606
Freiburg im Breisgau,BW,2004,-,27.083333333333332,16.666666666666664,4.166666666666666,27.083333333333332,-,25.0
Freudenstadt,BW,2004,-,-,20.0,-,36.666666666666664,-,43.33333333333333
Horb am Neckar,BW,2004,-,-,25.0,-,50.0,-,25.0
Eislingen/Fils,BW,2004,-,9.090909090909092,22.727272727272727,-,40.909090909090914,-,27.27272727272727
Geislingen an der Steige,BW,2004,-,-,22.727272727272727,-,45.45454545454545,-,31.818181818181817
Göppingen,BW,2004,-,7.5,27.500000000000004,-,37.5,-,27.499999999999993
Heidelberg,BW,2004,-,-,22.5,7.5,27.500000000000004,-,42.5
Giengen an der Brenz,BW,2004,-,-,35.714285714285715,-,-,-,64.28571428571428
Böblingen,BW,2004,-,9.75609756097561,21.951219512195124,7.317073170731707,36.58536585365854,-,24.39024390243902
Heidenheim an der Brenz,BW,2004,-,13.88888888888889,25.0,-,36.11111111111111,-,25.0
Heilbronn,BW,2004,-,7.5,30.0,10.0,40.0,-,12.5
Bad Rappenau,BW,2004,-,-,33.33333333333333,2.7777777777777777,52.77777777777778,-,11.11111111111111
Eppingen,BW,2004,-,6.666666666666667,30.0,-,43.333333333333336,-,19.99999999999999
Neckarsulm,BW,2004,-,6.896551724137931,31.03448275862069,-,51.724137931034484,-,10.34482758620689
Öhringen,BW,2004,-,-,13.88888888888889,19.444444444444446,41.66666666666667,-,25.0
Karlsruhe,BW,2004,-,16.666666666666664,25.0,-,39.58333333333333,-,18.75
Bretten,BW,2004,-,11.538461538461538,19.230769230769234,-,38.46153846153847,-,30.76923076923077
Bruchsal,BW,2004,-,-,20.51282051282051,7.6923076923076925,46.15384615384615,-,25.64102564102564
Ettlingen,BW,2004,-,7.6923076923076925,20.51282051282051,5.128205128205128,38.46153846153847,-,28.2051282051282
Herrenberg,BW,2004,-,15.0,22.5,-,32.5,-,30.0
Rheinstetten,BW,2004,-,11.11111111111111,33.33333333333333,7.4074074074074066,48.148148148148145,-,0.0
Stutensee,BW,2004,-,13.333333333333334,23.333333333333332,3.3333333333333335,36.666666666666664,-,23.33333333333334
Waghäusel,BW,2004,-,-,29.629629629629626,-,48.148148148148145,-,22.22222222222223
Konstanz,BW,2004,-,-,17.5,7.5,27.500000000000004,-,47.5
Radolfzell am Bodensee,BW,2004,-,-,19.230769230769234,7.6923076923076925,38.46153846153847,-,34.6153846153846
Singen (Hohentwiel),BW,2004,-,8.108108108108109,27.027027027027028,5.405405405405405,45.94594594594595,-,13.513513513513509
Lörrach,BW,2004,-,15.625,21.875,6.25,34.375,-,21.875
Rheinfelden (Baden),BW,2004,-,6.0606060606060606,33.33333333333333,-,39.39393939393939,-,21.21212121212121
Schopfheim (Kreis Lörrach),BW,2004,-,11.538461538461538,19.230769230769234,-,26.923076923076923,-,42.30769230769231
Weil am Rhein,BW,2004,-,6.0606060606060606,21.21212121212121,-,27.27272727272727,-,45.45454545454546
Leonberg,BW,2004,-,-,20.588235294117645,8.823529411764707,29.411764705882355,-,41.17647058823529
Bietigheim-Bissingen,BW,2004,-,-,25.0,6.25,37.5,-,31.25
Ditzingen,BW,2004,-,-,20.0,2.5,37.5,-,40.0
Korntal-Münchingen (Kreis Ludwigsburg),BW,2004,-,18.181818181818183,18.181818181818183,4.545454545454546,36.36363636363637,-,22.72727272727273
Kornwestheim,BW,2004,-,7.6923076923076925,23.076923076923077,3.8461538461538463,38.46153846153847,-,26.92307692307691
Ludwigsburg,BW,2004,-,15.0,20.0,5.0,32.5,-,27.500000000000004
Remseck am Neckar,BW,2004,-,11.538461538461538,19.230769230769234,15.384615384615385,34.61538461538461,-,19.23076923076923
Vaihingen an der Enz,BW,2004,-,13.953488372093023,16.27906976744186,9.30232558139535,27.906976744186046,-,32.558139534883715
Bad Mergentheim,BW,2004,-,12.121212121212121,12.121212121212121,-,45.45454545454545,-,30.303030303030297
Wertheim,BW,2004,-,4.166666666666666,25.0,8.333333333333332,41.66666666666667,-,20.83333333333332
Mannheim,BW,2004,-,10.416666666666668,33.33333333333333,4.166666666666666,39.58333333333333,-,12.5
Sindelfingen,BW,2004,-,13.333333333333334,22.22222222222222,4.444444444444445,37.77777777777778,-,22.22222222222223
Mosbach,BW,2004,-,-,27.27272727272727,3.0303030303030303,45.45454545454545,-,24.24242424242424
Achern,BW,2004,-,-,7.6923076923076925,-,30.76923076923077,-,61.53846153846154
Kehl,BW,2004,-,7.6923076923076925,23.076923076923077,7.6923076923076925,34.61538461538461,-,26.92307692307691
Lahr/Schwarzwald,BW,2004,-,12.5,21.875,9.375,37.5,-,18.75
Oberkirch,BW,2004,-,-,-,-,60.60606060606061,-,39.39393939393939
Offenburg,BW,2004,-,12.5,22.5,10.0,42.5,-,12.5
Aalen,BW,2004,-,12.5,25.0,-,45.83333333333333,-,16.66666666666667
Ellwangen (Jagst),BW,2004,-,13.513513513513514,13.513513513513514,-,51.35135135135135,-,21.62162162162162
Schwäbisch Gmünd,BW,2004,-,10.909090909090908,25.454545454545453,-,50.90909090909091,-,12.727272727272739
Pforzheim,BW,2004,-,-,20.0,7.5,45.0,-,27.499999999999993
Friedrichshafen,BW,2004,-,7.142857142857142,21.428571428571427,2.380952380952381,33.33333333333333,-,35.71428571428572
Bühl,BW,2004,-,-,16.27906976744186,11.627906976744185,46.51162790697674,-,25.581395348837212
Gaggenau,BW,2004,-,5.128205128205128,28.205128205128204,7.6923076923076925,35.8974358974359,-,23.07692307692308
Rastatt,BW,2004,-,-,25.0,4.545454545454546,50.0,-,20.45454545454545
Bad Waldsee,BW,2004,-,-,9.375,-,50.0,-,40.625
Leutkirch im Allgäu,BW,2004,-,-,6.666666666666667,-,43.333333333333336,-,50.0
Ravensburg,BW,2004,-,15.789473684210526,15.789473684210526,-,44.73684210526316,-,23.68421052631579
Wangen im Allgäu,BW,2004,-,-,12.121212121212121,-,42.42424242424242,-,45.45454545454546
Weingarten,BW,2004,-,-,15.384615384615385,-,34.61538461538461,-,50.0
Backnang,BW,2004,-,7.6923076923076925,23.076923076923077,-,42.30769230769231,-,26.92307692307691
Fellbach,BW,2004,-,11.11111111111111,22.22222222222222,-,38.88888888888889,-,27.77777777777778
Tettnang (Bodenseekreis),BW,2004,-,16.0,8.0,4.0,44.0,-,28.000000000000004
Schorndorf,BW,2004,-,13.88888888888889,25.0,-,30.555555555555557,-,30.555555555555557
Waiblingen,BW,2004,-,-,25.0,6.25,34.375,-,34.375
Weinstadt,BW,2004,-,-,19.230769230769234,-,38.46153846153847,-,42.3076923076923
Winnenden,BW,2004,-,-,19.230769230769234,-,38.46153846153847,-,42.3076923076923
Metzingen,BW,2004,-,12.0,16.0,-,32.0,-,39.99999999999999
Reutlingen,BW,2004,-,-,22.5,5.0,30.0,-,42.5
Hockenheim,BW,2004,-,13.636363636363635,18.181818181818183,-,31.818181818181817,-,36.36363636363636
Leimen,BW,2004,-,-,21.875,6.25,43.75,-,28.125
Schwetzingen,BW,2004,-,7.6923076923076925,19.230769230769234,3.8461538461538463,38.46153846153847,-,30.76923076923077
Sinsheim,BW,2004,-,4.878048780487805,19.51219512195122,-,41.46341463414634,-,34.14634146341464
Überlingen,BW,2004,-,-,11.538461538461538,7.6923076923076925,30.76923076923077,-,50.0
Weinheim,BW,2004,-,-,24.324324324324326,5.405405405405405,35.13513513513514,-,35.13513513513513
Wiesloch,BW,2004,-,20.0,20.0,-,34.285714285714285,-,25.71428571428571
Rottweil,BW,2004,-,-,23.076923076923077,7.6923076923076925,38.46153846153847,-,30.76923076923077
Schramberg,BW,2004,-,-,11.904761904761903,-,33.33333333333333,-,54.761904761904766
Crailsheim,BW,2004,-,-,23.076923076923077,-,46.15384615384615,-,30.76923076923077
Schwäbisch Hall,BW,2004,-,16.216216216216218,24.324324324324326,10.81081081081081,29.72972972972973,-,18.9189189189189
Donaueschingen,BW,2004,-,10.256410256410255,17.94871794871795,-,41.02564102564102,-,30.76923076923077
Villingen-Schwenningen,BW,2004,-,10.0,20.0,7.5,37.5,-,25.0
Stuttgart,BW,2004,-,18.333333333333332,23.333333333333332,6.666666666666667,35.0,-,16.66666666666667
Mössingen,BW,2004,-,6.896551724137931,17.24137931034483,-,17.24137931034483,-,58.620689655172406
Tübingen,BW,2004,-,-,16.666666666666664,6.25,18.75,-,58.333333333333336
Tuttlingen,BW,2004,-,-,22.22222222222222,5.555555555555555,41.66666666666667,-,30.555555555555557
Ulm,BW,2004,-,17.5,22.5,5.0,30.0,-,25.0
Waldshut-Tiengen,BW,2004,-,7.6923076923076925,23.076923076923077,7.6923076923076925,50.0,-,11.53846153846154
Albstadt,BW,2004,-,6.25,18.75,6.25,40.625,-,28.125
Balingen,BW,2004,-,-,22.916666666666664,8.333333333333332,35.41666666666667,-,33.33333333333332
Baden-Baden,BW,2004,-,15.217391304347828,15.217391304347828,10.869565217391305,41.30434782608695,-,17.391304347826082
Biberach an der Riß,BW,2009,-,13.793103448275861,20.689655172413794,10.344827586206897,37.93103448275862,-,17.24137931034483
Bad Krozingen (Kreis Breisgau-Hochschwarzwald),BW,2009,-,-,15.384615384615385,-,46.15384615384615,-,38.46153846153846
Rottenburg am Neckar,BW,2009,-,10.0,15.0,10.0,35.0,-,30.0
Calw,BW,2009,-,-,13.333333333333334,20.0,23.333333333333332,-,43.33333333333333
Nagold,BW,2009,-,7.6923076923076925,19.230769230769234,11.538461538461538,30.76923076923077,-,30.76923076923076
Emmendingen,BW,2009,-,19.230769230769234,26.923076923076923,11.538461538461538,26.923076923076923,-,15.384615384615369
Waldkirch,BW,2009,-,-,23.076923076923077,-,34.61538461538461,-,42.30769230769231
Mühlacker,BW,2009,-,-,22.22222222222222,11.11111111111111,33.33333333333333,-,33.33333333333333
Esslingen am Neckar,BW,2009,-,17.5,27.500000000000004,5.0,25.0,-,25.0
Filderstadt,BW,2009,-,18.75,25.0,9.375,18.75,-,28.125
Kirchheim unter Teck,BW,2009,-,13.88888888888889,19.444444444444446,-,22.22222222222222,-,44.44444444444444
Leinfelden-Echterdingen,BW,2009,-,19.230769230769234,15.384615384615385,7.6923076923076925,23.076923076923077,-,34.615384615384606
Laupheim,BW,2009,-,-,14.814814814814813,-,37.03703703703704,-,48.14814814814815
Nürtingen,BW,2009,-,20.51282051282051,12.82051282051282,7.6923076923076925,25.64102564102564,-,33.33333333333333
Ostfildern,BW,2009,-,19.230769230769234,23.076923076923077,3.8461538461538463,23.076923076923077,-,30.76923076923077
Freiburg im Breisgau,BW,2009,-,25.0,18.75,8.333333333333332,20.833333333333336,-,27.08333333333332
Freudenstadt,BW,2009,-,-,18.51851851851852,-,33.33333333333333,-,48.14814814814815
Horb am Neckar,BW,2009,-,-,21.875,-,40.625,-,37.5
Eislingen/Fils,BW,2009,-,13.636363636363635,22.727272727272727,-,31.818181818181817,-,31.818181818181813
Geislingen an der Steige,BW,2009,-,-,22.727272727272727,-,40.909090909090914,-,36.36363636363636
Göppingen,BW,2009,-,15.0,22.5,-,30.0,-,32.49999999999999
Heidelberg,BW,2009,-,15.0,17.5,10.0,22.5,-,35.00000000000001
Giengen an der Brenz,BW,2009,-,-,40.74074074074074,-,-,-,59.25925925925925
Böblingen,BW,2009,-,14.705882352941178,20.588235294117645,11.76470588235294,32.35294117647059,-,20.58823529411764
Heidenheim an der Brenz,BW,2009,-,20.0,22.857142857142858,2.857142857142857,31.428571428571427,-,22.85714285714285
Heilbronn,BW,2009,-,10.0,27.500000000000004,12.5,35.0,-,15.0
Bad Rappenau,BW,2009,-,-,25.64102564102564,-,43.58974358974359,-,30.76923076923077
Eppingen,BW,2009,-,7.4074074074074066,29.629629629629626,-,40.74074074074074,-,22.22222222222223
Neckarsulm,BW,2009,-,7.142857142857142,32.142857142857146,3.571428571428571,42.857142857142854,-,14.28571428571428
Öhringen,BW,2009,-,-,15.789473684210526,23.684210526315788,34.21052631578947,-,26.315789473684198
Karlsruhe,BW,2009,-,20.833333333333336,20.833333333333336,12.5,29.166666666666668,-,16.66666666666665
Bretten,BW,2009,-,11.538461538461538,19.230769230769234,-,34.61538461538461,-,34.615384615384606
Bruchsal,BW,2009,-,-,20.0,11.428571428571429,40.0,-,28.57142857142857
Ettlingen,BW,2009,-,12.5,18.75,-,37.5,-,31.25
Herrenberg,BW,2009,-,16.216216216216218,18.91891891891892,-,27.027027027027028,-,37.83783783783783
Rheinstetten,BW,2009,-,9.090909090909092,31.818181818181817,4.545454545454546,40.909090909090914,-,13.63636363636363
Stutensee,BW,2009,-,14.814814814814813,18.51851851851852,3.7037037037037033,33.33333333333333,-,29.629629629629626
Waghäusel,BW,2009,-,-,35.714285714285715,-,35.714285714285715,-,28.57142857142857
Konstanz,BW,2009,-,-,17.5,10.0,22.5,-,50.0
Radolfzell am Bodensee,BW,2009,-,-,15.384615384615385,11.538461538461538,34.61538461538461,-,38.46153846153846
Singen (Hohentwiel),BW,2009,-,7.142857142857142,23.809523809523807,11.904761904761903,33.33333333333333,-,23.80952380952381
Lörrach,BW,2009,-,18.75,21.875,9.375,31.25,-,18.75
Rheinfelden (Baden),BW,2009,-,9.375,34.375,-,34.375,-,21.875
Schopfheim (Kreis Lörrach),BW,2009,-,13.636363636363635,22.727272727272727,-,22.727272727272727,-,40.9090909090909
Weil am Rhein,BW,2009,-,11.538461538461538,23.076923076923077,-,23.076923076923077,-,42.30769230769231
Leonberg,BW,2009,-,-,17.647058823529413,11.76470588235294,20.588235294117645,-,50.0
Bietigheim-Bissingen,BW,2009,-,-,28.125,9.375,31.25,-,31.25
Ditzingen,BW,2009,-,-,18.75,3.125,31.25,-,46.875
Korntal-Münchingen (Kreis Ludwigsburg),BW,2009,-,18.181818181818183,18.181818181818183,13.636363636363635,31.818181818181817,-,18.18181818181818
Kornwestheim,BW,2009,-,11.538461538461538,23.076923076923077,7.6923076923076925,34.61538461538461,-,23.07692307692308
Ludwigsburg,BW,2009,-,17.5,20.0,10.0,25.0,-,27.500000000000004
Remseck am Neckar,BW,2009,-,19.230769230769234,19.230769230769234,19.230769230769234,23.076923076923077,-,19.23076923076923
Vaihingen an der Enz,BW,2009,-,14.285714285714285,14.285714285714285,11.428571428571429,20.0,-,40.0
Bad Mergentheim,BW,2009,-,14.285714285714285,10.714285714285714,3.571428571428571,46.42857142857143,-,25.0
Wertheim,BW,2009,-,7.6923076923076925,23.076923076923077,11.538461538461538,42.30769230769231,-,15.384615384615369
Mannheim,BW,2009,-,16.666666666666664,33.33333333333333,8.333333333333332,31.25,-,10.41666666666666
Sindelfingen,BW,2009,-,14.285714285714285,19.047619047619047,9.523809523809524,33.33333333333333,-,23.80952380952381
Mosbach,BW,2009,-,-,27.027027027027028,-,40.54054054054054,-,32.43243243243243
Achern,BW,2009,-,-,3.8461538461538463,-,34.61538461538461,-,61.53846153846154
Kehl,BW,2009,-,7.6923076923076925,23.076923076923077,11.538461538461538,26.923076923076923,-,30.76923076923077
Lahr/Schwarzwald,BW,2009,-,12.5,25.0,12.5,25.0,-,25.0
Oberkirch,BW,2009,-,-,-,-,59.375,-,40.625
Offenburg,BW,2009,-,17.5,22.5,12.5,35.0,-,12.5
Aalen,BW,2009,-,16.666666666666664,24.074074074074073,-,38.88888888888889,-,20.37037037037037
Ellwangen (Jagst),BW,2009,-,13.513513513513514,10.81081081081081,-,48.64864864864865,-,27.027027027027017
Schwäbisch Gmünd,BW,2009,-,12.962962962962962,25.925925925925924,-,42.592592592592595,-,18.51851851851852
Pforzheim,BW,2009,-,-,20.0,12.5,32.5,-,35.0
Friedrichshafen,BW,2009,-,10.0,20.0,5.0,27.500000000000004,-,37.5
Bühl,BW,2009,-,-,15.625,12.5,37.5,-,34.375
Gaggenau,BW,2009,-,7.6923076923076925,26.923076923076923,11.538461538461538,34.61538461538461,-,19.23076923076923
Rastatt,BW,2009,-,-,24.444444444444443,8.88888888888889,42.22222222222222,-,24.44444444444444
Bad Waldsee,BW,2009,-,-,10.0,-,46.666666666666664,-,43.33333333333333
Leutkirch im Allgäu,BW,2009,-,-,5.714285714285714,-,37.142857142857146,-,57.14285714285714
Ravensburg,BW,2009,-,21.052631578947366,13.157894736842104,5.263157894736842,36.84210526315789,-,23.68421052631579
Wangen im Allgäu,BW,2009,-,-,14.285714285714285,-,40.0,-,45.71428571428571
Weingarten,BW,2009,-,-,15.384615384615385,-,30.76923076923077,-,53.84615384615385
Backnang,BW,2009,-,11.538461538461538,23.076923076923077,-,38.46153846153847,-,26.92307692307691
Fellbach,BW,2009,-,12.5,21.875,-,34.375,-,31.25
Tettnang (Bodenseekreis),BW,2009,-,16.666666666666664,4.166666666666666,-,45.83333333333333,-,33.33333333333333
Schorndorf,BW,2009,-,15.625,28.125,-,28.125,-,28.125
Waiblingen,BW,2009,-,-,25.0,9.375,31.25,-,34.375
Weinstadt,BW,2009,-,-,19.230769230769234,-,34.61538461538461,-,46.15384615384615
Winnenden,BW,2009,-,-,15.384615384615385,7.6923076923076925,30.76923076923077,-,46.15384615384614
Metzingen,BW,2009,-,15.384615384615385,15.384615384615385,11.538461538461538,26.923076923076923,-,30.76923076923077
Reutlingen,BW,2009,-,-,22.5,10.0,27.500000000000004,-,39.99999999999999
Hockenheim,BW,2009,-,13.636363636363635,22.727272727272727,-,27.27272727272727,-,36.36363636363636
Leimen,BW,2009,-,-,25.0,15.625,28.125,-,31.25
Schwetzingen,BW,2009,-,7.6923076923076925,19.230769230769234,7.6923076923076925,26.923076923076923,-,38.46153846153846
Sinsheim,BW,2009,-,5.405405405405405,18.91891891891892,-,37.83783783783784,-,37.83783783783783
Überlingen,BW,2009,-,-,11.538461538461538,15.384615384615385,26.923076923076923,-,46.15384615384614
Weinheim,BW,2009,-,-,20.930232558139537,9.30232558139535,27.906976744186046,-,41.86046511627908
Wiesloch,BW,2009,-,23.52941176470588,20.588235294117645,2.941176470588235,26.47058823529412,-,26.470588235294112
Rottweil,BW,2009,-,-,19.230769230769234,11.538461538461538,26.923076923076923,-,42.30769230769231
Schramberg,BW,2009,-,-,17.857142857142858,-,42.857142857142854,-,39.28571428571429
Crailsheim,BW,2009,-,-,25.0,-,41.66666666666667,-,33.33333333333332
Schwäbisch Hall,BW,2009,-,17.94871794871795,25.64102564102564,10.256410256410255,28.205128205128204,-,17.94871794871795
Donaueschingen,BW,2009,-,12.121212121212121,15.151515151515152,-,39.39393939393939,-,33.33333333333333
Villingen-Schwenningen,BW,2009,-,12.5,20.0,7.5,32.5,-,27.499999999999993
Stuttgart,BW,2009,-,26.666666666666668,16.666666666666664,11.666666666666666,25.0,-,19.99999999999999
Mössingen,BW,2009,-,14.285714285714285,17.857142857142858,-,14.285714285714285,-,53.571428571428584
Tübingen,BW,2009,-,-,17.5,7.5,20.0,-,55.00000000000001
Tuttlingen,BW,2009,-,-,23.52941176470588,8.823529411764707,38.23529411764706,-,29.41176470588236
Ulm,BW,2009,-,17.5,20.0,7.5,25.0,-,30.0
Waldshut-Tiengen,BW,2009,-,7.6923076923076925,26.923076923076923,11.538461538461538,46.15384615384615,-,7.69230769230768
Albstadt,BW,2009,-,6.25,18.75,12.5,34.375,-,28.125
Balingen,BW,2009,-,10.0,20.0,15.0,30.0,-,25.0
Baden-Baden,BW,2009,-,17.5,17.5,15.0,32.5,-,17.5
Biberach an der Riß,BW,2014,-,15.625,18.75,9.375,34.375,-,21.875
Bad Krozingen (Kreis Breisgau-Hochschwarzwald),BW,2014,-,14.814814814814813,14.814814814814813,-,37.03703703703704,-,33.33333333333333
Rottenburg am Neckar,BW,2014,-,12.5,15.625,3.125,34.375,-,34.375
Calw,BW,2014,-,-,13.333333333333334,-,20.0,-,66.66666666666666
Nagold,BW,2014,-,11.538461538461538,19.230769230769234,11.538461538461538,30.76923076923077,-,26.92307692307691
Emmendingen,BW,2014,-,26.923076923076923,23.076923076923077,7.6923076923076925,26.923076923076923,-,15.38461538461539
Waldkirch,BW,2014,-,-,26.923076923076923,-,30.76923076923077,-,42.30769230769231
Mühlacker,BW,2014,-,-,21.875,9.375,28.125,-,40.625
Esslingen am Neckar,BW,2014,-,17.5,25.0,5.0,25.0,-,27.500000000000004
Filderstadt,BW,2014,-,18.75,21.875,6.25,25.0,-,28.125
Kirchheim unter Teck,BW,2014,-,17.647058823529413,20.588235294117645,-,20.588235294117645,-,41.1764705882353
Leinfelden-Echterdingen,BW,2014,-,19.230769230769234,15.384615384615385,7.6923076923076925,23.076923076923077,-,34.615384615384606
Laupheim,BW,2014,-,-,10.714285714285714,-,32.142857142857146,-,57.14285714285714
Nürtingen,BW,2014,-,-,12.5,-,21.875,-,65.625
Ostfildern,BW,2014,-,23.076923076923077,19.230769230769234,3.8461538461538463,23.076923076923077,-,30.76923076923077
Freiburg im Breisgau,BW,2014,-,22.916666666666664,16.666666666666664,4.166666666666666,18.75,-,37.5
Freudenstadt,BW,2014,-,-,22.22222222222222,-,25.925925925925924,-,51.85185185185186
Horb am Neckar,BW,2014,-,-,15.625,-,37.5,-,46.875
Eislingen/Fils,BW,2014,-,13.636363636363635,22.727272727272727,-,31.818181818181817,-,31.818181818181813
Geislingen an der Steige,BW,2014,-,-,22.727272727272727,-,36.36363636363637,-,40.9090909090909
Göppingen,BW,2014,-,17.5,20.0,-,27.500000000000004,-,35.0
Heidelberg,BW,2014,-,20.833333333333336,16.666666666666664,4.166666666666666,20.833333333333336,-,37.5
Giengen an der Brenz,BW,2014,-,-,37.93103448275862,-,-,-,62.06896551724138
Böblingen,BW,2014,-,15.151515151515152,21.21212121212121,6.0606060606060606,33.33333333333333,-,24.24242424242424
Heidenheim an der Brenz,BW,2014,-,20.588235294117645,20.588235294117645,-,32.35294117647059,-,26.470588235294112
Heilbronn,BW,2014,-,12.5,27.500000000000004,10.0,30.0,-,19.99999999999999
Bad Rappenau,BW,2014,-,-,23.52941176470588,-,41.17647058823529,-,35.29411764705883
Eppingen,BW,2014,-,11.11111111111111,29.629629629629626,-,37.03703703703704,-,22.22222222222223
Neckarsulm,BW,2014,-,11.538461538461538,30.76923076923077,3.8461538461538463,42.30769230769231,-,11.53846153846154
Öhringen,BW,2014,-,-,14.634146341463413,4.878048780487805,31.70731707317073,-,48.78048780487805
Karlsruhe,BW,2014,-,18.75,20.833333333333336,6.25,27.083333333333332,-,27.08333333333332
Bretten,BW,2014,-,11.538461538461538,15.384615384615385,-,30.76923076923077,-,42.3076923076923
Bruchsal,BW,2014,-,-,21.875,-,34.375,-,43.75
Ettlingen,BW,2014,-,15.625,18.75,-,37.5,-,28.125
Herrenberg,BW,2014,-,15.625,15.625,3.125,25.0,-,40.625
Rheinstetten,BW,2014,-,13.636363636363635,27.27272727272727,-,40.909090909090914,-,18.18181818181818
Stutensee,BW,2014,-,15.384615384615385,19.230769230769234,3.8461538461538463,30.76923076923077,-,30.76923076923077
Waghäusel,BW,2014,-,-,27.586206896551722,-,34.48275862068966,-,37.93103448275862
Konstanz,BW,2014,-,-,17.5,7.5,25.0,-,50.0
Radolfzell am Bodensee,BW,2014,-,-,15.384615384615385,11.538461538461538,30.76923076923077,-,42.3076923076923
Singen (Hohentwiel),BW,2014,-,9.375,21.875,9.375,31.25,-,28.125
Lörrach,BW,2014,-,21.875,21.875,3.125,31.25,-,21.875
Rheinfelden (Baden),BW,2014,-,12.5,31.25,3.125,34.375,-,18.75
Schopfheim (Kreis Lörrach),BW,2014,-,22.727272727272727,22.727272727272727,-,27.27272727272727,-,27.27272727272727
Weil am Rhein,BW,2014,-,15.384615384615385,19.230769230769234,-,23.076923076923077,-,42.30769230769231
Leonberg,BW,2014,-,15.625,15.625,6.25,25.0,-,37.5
Bietigheim-Bissingen,BW,2014,-,-,25.0,6.25,31.25,-,37.5
Ditzingen,BW,2014,-,15.384615384615385,19.230769230769234,3.8461538461538463,30.76923076923077,-,30.76923076923077
Korntal-Münchingen (Kreis Ludwigsburg),BW,2014,-,18.181818181818183,18.181818181818183,9.090909090909092,31.818181818181817,-,22.72727272727273
Kornwestheim,BW,2014,-,15.384615384615385,26.923076923076923,3.8461538461538463,34.61538461538461,-,19.23076923076923
Ludwigsburg,BW,2014,-,20.0,20.0,5.0,27.500000000000004,-,27.499999999999993
Remseck am Neckar,BW,2014,-,19.230769230769234,15.384615384615385,11.538461538461538,26.923076923076923,-,26.92307692307691
Vaihingen an der Enz,BW,2014,-,14.285714285714285,17.857142857142858,10.714285714285714,21.428571428571427,-,35.71428571428572
Bad Mergentheim,BW,2014,-,16.129032258064516,12.903225806451612,-,48.38709677419355,-,22.58064516129032
Wertheim,BW,2014,-,11.538461538461538,23.076923076923077,3.8461538461538463,42.30769230769231,-,19.23076923076923
Mannheim,BW,2014,-,16.666666666666664,27.083333333333332,4.166666666666666,25.0,-,27.08333333333332
Sindelfingen,BW,2014,-,17.073170731707318,17.073170731707318,4.878048780487805,34.146341463414636,-,26.82926829268293
Mosbach,BW,2014,-,-,28.57142857142857,-,40.0,-,31.428571428571427
Achern,BW,2014,-,-,7.6923076923076925,3.8461538461538463,34.61538461538461,-,53.84615384615385
Kehl,BW,2014,-,11.538461538461538,26.923076923076923,3.8461538461538463,26.923076923076923,-,30.76923076923077
Lahr/Schwarzwald,BW,2014,-,12.5,25.0,9.375,25.0,-,28.125
Oberkirch,BW,2014,-,11.538461538461538,-,-,50.0,-,38.46153846153846
Offenburg,BW,2014,-,22.5,22.5,7.5,30.0,-,17.5
Aalen,BW,2014,-,15.686274509803921,21.568627450980394,-,37.254901960784316,-,25.49019607843137
Ellwangen (Jagst),BW,2014,-,14.285714285714285,11.428571428571429,-,48.57142857142857,-,25.71428571428571
Schwäbisch Gmünd,BW,2014,-,14.583333333333334,20.833333333333336,-,45.83333333333333,-,18.75
Pforzheim,BW,2014,-,-,15.0,7.5,30.0,-,47.50000000000001
Friedrichshafen,BW,2014,-,15.0,20.0,5.0,30.0,-,30.0
Bühl,BW,2014,-,-,19.230769230769234,11.538461538461538,34.61538461538461,-,34.615384615384606
Gaggenau,BW,2014,-,7.6923076923076925,26.923076923076923,7.6923076923076925,34.61538461538461,-,23.07692307692308
Rastatt,BW,2014,-,10.638297872340425,25.53191489361702,4.25531914893617,36.17021276595745,-,23.40425531914893
Bad Waldsee,BW,2014,-,-,10.714285714285714,-,42.857142857142854,-,46.42857142857143
Leutkirch im Allgäu,BW,2014,-,-,7.6923076923076925,-,34.61538461538461,-,57.692307692307686
Ravensburg,BW,2014,-,23.076923076923077,15.384615384615385,5.128205128205128,35.8974358974359,-,20.5128205128205
Wangen im Allgäu,BW,2014,-,-,13.88888888888889,-,41.66666666666667,-,44.44444444444444
Weingarten,BW,2014,-,-,15.384615384615385,-,26.923076923076923,-,57.692307692307686
Backnang,BW,2014,-,15.384615384615385,23.076923076923077,-,34.61538461538461,-,26.92307692307691
Fellbach,BW,2014,-,12.5,21.875,-,31.25,-,34.375
Tettnang (Bodenseekreis),BW,2014,-,17.391304347826086,8.695652173913043,4.3478260869565215,43.47826086956522,-,26.08695652173913
Schorndorf,BW,2014,-,18.75,28.125,-,31.25,-,21.875
Waiblingen,BW,2014,-,-,21.875,9.375,28.125,-,40.625
Weinstadt,BW,2014,-,-,19.230769230769234,-,34.61538461538461,-,46.15384615384615
Winnenden,BW,2014,-,-,15.384615384615385,11.538461538461538,30.76923076923077,-,42.3076923076923
Metzingen,BW,2014,-,16.666666666666664,12.5,12.5,29.166666666666668,-,29.166666666666668
Reutlingen,BW,2014,-,-,20.0,7.5,27.500000000000004,-,44.99999999999999
Hockenheim,BW,2014,-,18.181818181818183,22.727272727272727,-,27.27272727272727,-,31.818181818181817
Leimen,BW,2014,-,-,23.076923076923077,11.538461538461538,30.76923076923077,-,34.615384615384606
Schwetzingen,BW,2014,-,15.384615384615385,19.230769230769234,3.8461538461538463,26.923076923076923,-,34.61538461538462
Sinsheim,BW,2014,-,7.317073170731707,17.073170731707318,2.4390243902439024,36.58536585365854,-,36.58536585365853
Überlingen,BW,2014,-,-,15.384615384615385,11.538461538461538,23.076923076923077,-,50.0
Weinheim,BW,2014,-,-,21.052631578947366,5.263157894736842,23.684210526315788,-,50.0
Wiesloch,BW,2014,-,23.076923076923077,19.230769230769234,3.8461538461538463,23.076923076923077,-,30.76923076923077
Rottweil,BW,2014,-,11.538461538461538,15.384615384615385,7.6923076923076925,30.76923076923077,-,34.6153846153846
Schramberg,BW,2014,-,-,21.428571428571427,-,42.857142857142854,-,35.71428571428572
Crailsheim,BW,2014,-,11.904761904761903,26.190476190476193,-,40.476190476190474,-,21.42857142857143
Schwäbisch Hall,BW,2014,-,23.52941176470588,23.52941176470588,8.823529411764707,26.47058823529412,-,17.64705882352941
Donaueschingen,BW,2014,-,14.285714285714285,17.142857142857142,-,37.142857142857146,-,31.428571428571427
Villingen-Schwenningen,BW,2014,-,12.5,20.0,5.0,32.5,-,30.0
Stuttgart,BW,2014,-,23.333333333333332,15.0,6.666666666666667,28.333333333333332,-,26.66666666666667
Mössingen,BW,2014,-,14.285714285714285,17.857142857142858,-,17.857142857142858,-,50.0
Tübingen,BW,2014,-,-,17.5,5.0,20.0,-,57.49999999999999
Tuttlingen,BW,2014,-,-,20.588235294117645,5.88235294117647,38.23529411764706,-,35.29411764705883
Ulm,BW,2014,-,17.5,20.0,5.0,22.5,-,35.0
Waldshut-Tiengen,BW,2014,-,11.538461538461538,19.230769230769234,11.538461538461538,38.46153846153847,-,19.23076923076923
Albstadt,BW,2014,-,9.375,18.75,9.375,34.375,-,28.125
Balingen,BW,2014,-,15.625,21.875,15.625,28.125,-,18.75
Baden-Baden,BW,2014,-,20.0,17.5,7.5,30.0,-,25.0
Biberach an der Riß,BW,2019,3.125,28.125,15.625,9.375,28.125,-,15.625
Bad Krozingen (Kreis Breisgau-Hochschwarzwald),BW,2019,-,21.73913043478261,13.043478260869565,-,34.78260869565217,-,30.43478260869565
Rottenburg am Neckar,BW,2019,6.25,18.75,12.5,-,28.125,-,34.375
Calw,BW,2019,3.8461538461538463,-,7.6923076923076925,-,15.384615384615385,-,73.07692307692307
Nagold,BW,2019,-,15.384615384615385,19.230769230769234,7.6923076923076925,23.076923076923077,7.6923076923076925,26.92307692307691
Emmendingen,BW,2019,-,30.76923076923077,19.230769230769234,7.6923076923076925,19.230769230769234,-,23.07692307692308
Waldkirch,BW,2019,-,-,26.923076923076923,3.8461538461538463,26.923076923076923,-,42.30769230769231
Mühlacker,BW,2019,-,-,15.384615384615385,11.538461538461538,23.076923076923077,7.6923076923076925,42.30769230769231
Esslingen am Neckar,BW,2019,7.5,22.5,20.0,7.5,17.5,-,25.0
Filderstadt,BW,2019,3.125,21.875,15.625,9.375,21.875,-,28.125
Kirchheim unter Teck,BW,2019,5.405405405405405,24.324324324324326,16.216216216216218,-,16.216216216216218,-,37.83783783783783
Leinfelden-Echterdingen,BW,2019,3.8461538461538463,23.076923076923077,11.538461538461538,7.6923076923076925,19.230769230769234,-,34.6153846153846
Laupheim,BW,2019,-,-,7.4074074074074066,-,29.629629629629626,-,62.96296296296296
Nürtingen,BW,2019,-,-,12.5,-,18.75,-,68.75
Ostfildern,BW,2019,3.8461538461538463,23.076923076923077,15.384615384615385,7.6923076923076925,19.230769230769234,-,30.76923076923077
Freiburg im Breisgau,BW,2019,-,27.083333333333332,12.5,4.166666666666666,12.5,4.166666666666666,39.58333333333333
Freudenstadt,BW,2019,-,-,16.666666666666664,6.666666666666667,26.666666666666668,-,50.0
Horb am Neckar,BW,2019,-,-,15.384615384615385,-,26.923076923076923,-,57.692307692307686
Eislingen/Fils,BW,2019,-,22.727272727272727,22.727272727272727,-,27.27272727272727,-,27.27272727272727
Geislingen an der Steige,BW,2019,-,18.181818181818183,18.181818181818183,-,27.27272727272727,-,36.36363636363636
Göppingen,BW,2019,5.0,22.5,15.0,-,20.0,10.0,27.500000000000004
Heidelberg,BW,2019,6.25,33.33333333333333,14.583333333333334,6.25,14.583333333333334,4.166666666666666,20.83333333333333
Giengen an der Brenz,BW,2019,-,-,30.76923076923077,-,38.46153846153847,-,30.76923076923077
